1
1
1
2
1
2
835
1
2
1
2
10
2
1
1
768
9
2
1
10
1
2
1
1
11
11
11
11
11
11
11
12
11
11
11
13
11
11
11
11
14
15
11
11
15
15
16
18
16
16
16
16
16
16
16
16
16
16
16
16
16
16
16
16
16
16
16
20
20
20
20
20
20
21
20
20
21
20
21
20
22
21
22
20
21
20
21
20
21
21
20
20
21
21
25
25
25
25
25
25
25
25
25
25
25
25
25
25
25
25
25
25
25
26
27
29
27
26
27
27
29
28
33
36
27
27
39
27
27
39
42
27
26
45
47
28
45
26
27
27
27
26
27
27
27
51
53
54
54
54
54
54
54
54
54
54
54
54
54
54
54
54
54
54
56
54
59
59
59
59
59
59
59
59
59
59
59
59
59
59
59
59
59
59
59
38
38
38
38
38
38
38
38
38
38
837
38
38
38
38
38
38
837
837
60
60
60
61
60
61
60
62
63
64
65
68
60
62
61
765
60
69
69
69
69
69
764
70
60
71
71
71
71
71
71
71
71
71
71
71
71
71
71
71
71
71
71
71
71
72
72
72
72
72
73
72
72
72
72
72
72
72
72
72
72
72
72
72
76
77
77
77
77
77
77
77
77
77
77
77
77
77
77
77
77
77
77
77
77
77
77
83
83
83
83
83
83
83
83
83
83
83
83
84
85
83
83
83
83
83
83
87
88
88
88
88
88
88
90
90
88
92
79
79
88
90
90
88
90
90
90
90
95
96
97
97
97
97
97
97
97
97
97
97
97
97
97
97
97
97
97
97
97
98
98
98
98
98
98
98
98
98
98
98
98
98
98
101
98
98
102
102
103
103
104
104
104
104
104
105
104
104
106
104
106
104
106
104
104
106
104
107
108
106
108
108
104
109
110
111
111
111
111
111
111
111
111
111
111
111
111
111
111
111
111
111
111
111
112
112
112
112
112
112
112
112
112
112
112
112
112
112
112
112
112
112
112
18
18
18
18
18
18
18
18
18
18
18
18
18
18
18
18
18
18
838
113
113
113
113
113
113
115
113
113
118
118
113
122
113
113
123
118
113
113
120
120
113
839
126
128
129
50
128
128
128
126
128
126
128
128
128
126
128
128
128
128
128
126
841
840
131
131
131
131
131
131
131
131
131
131
131
131
131
131
131
131
131
131
131
132
132
134
133
132
132
132
134
132
132
134
134
132
134
132
132
132
134
132
134
132
134
134
135
135
135
135
135
135
135
136
135
135
135
135
135
135
135
135
135
135
137
137
138
138
138
138
138
138
138
138
138
138
138
138
138
138
138
138
138
138
138
138
138
138
139
139
139
139
139
139
139
139
139
139
139
139
139
139
139
139
139
139
139
140
140
140
140
140
140
140
140
140
140
140
140
140
140
140
140
140
140
140
141
141
141
141
141
141
141
142
141
141
141
141
141
141
141
141
141
141
141
141
143
143
143
143
143
143
143
143
143
145
143
145
143
143
143
143
143
143
143
147
143
148
148
149
148
149
148
149
148
151
148
148
148
148
148
148
148
148
148
148
27
148
153
153
153
153
153
153
153
153
153
154
154
153
153
153
153
153
154
153
153
154
154
153
154
154
155
155
155
155
155
155
155
155
155
155
156
155
155
155
155
155
155
155
155
155
42
161
161
161
161
161
162
161
162
163
161
161
161
161
161
161
161
161
165
161
166
166
168
166
166
169
168
168
166
166
168
171
166
167
167
166
175
166
176
166
166
180
180
180
180
180
180
180
180
180
180
180
180
180
180
180
180
180
180
180
182
182
182
182
182
182
182
182
182
182
182
182
182
182
182
182
182
182
182
182
134
134
134
134
134
134
134
134
134
134
134
134
134
134
134
134
134
134
134
134
134
134
134
134
134
134
134
134
134
134
134
134
134
134
134
134
134
134
35
35
35
35
35
35
35
35
35
35
35
35
35
35
35
35
35
35
35
185
185
185
185
185
185
185
185
185
185
186
185
185
185
185
185
185
185
185
187
187
187
187
187
187
188
188
188
168
171
187
171
187
188
190
188
187
191
191
168
194
194
194
194
194
194
194
194
194
194
194
194
194
194
194
194
194
194
194
194
194
194
114
194
194
194
194
194
194
194
194
114
194
194
194
194
114
194
196
196
196
196
196
196
196
196
197
197
197
196
197
197
197
196
196
196
197
197
198
199
200
843
198
198
201
202
202
203
202
201
198
204
204
205
198
202
200
198
202
202
206
206
144
208
206
206
206
206
206
144
210
206
206
210
206
210
206
210
210
211
210
210
206
210
210
212
212
212
212
212
212
212
212
212
212
212
216
216
217
218
212
216
216
212
212
760
216
216
212
216
220
222
222
222
222
222
222
222
222
222
222
222
222
834
224
222
222
222
222
222
222
222
225
225
225
225
225
225
225
225
225
225
225
225
225
225
225
225
225
225
225
226
226
226
226
226
226
226
226
227
227
227
226
226
227
227
226
227
230
230
230
226
226
226
226
226
226
226
226
227
228
227
226
226
227
229
226
229
230
230
238
239
241
239
239
241
239
239
241
241
239
239
239
239
239
239
239
241
239
241
241
239
241
241
244
244
244
244
244
196
196
196
244
244
196
197
244
244
10
244
196
197
244
246
244
244
244
23
23
247
247
247
247
247
247
247
247
247
247
241
247
247
247
247
247
247
247
247
247
247
247
247
247
247
247
247
247
247
247
247
247
247
247
247
247
247
247
247
247
252
252
252
252
252
252
252
252
252
252
252
252
252
252
252
252
252
252
252
79
79
79
79
79
256
79
629
79
79
79
79
79
79
257
79
79
79
79
79
79
79
79
79
79
79
79
79
79
79
79
79
79
79
79
79
79
79
79
79
79
79
264
264
264
264
264
265
264
265
264
265
265
264
265
264
265
264
264
264
264
265
264
264
264
264
266
264
1
1
1
1
1
1
1
1
1
1
1
1
1
1
1
1
1
267
267
268
268
268
268
268
268
269
268
268
268
268
270
268
271
272
268
268
268
268
273
274
268
268
275
275
275
275
275
275
275
275
275
276
277
275
275
275
275
275
277
275
279
279
280
280
280
280
280
280
280
281
282
280
280
280
283
280
280
280
280
280
280
280
284
285
285
285
285
286
286
286
285
287
71
287
285
286
285
289
290
286
285
287
279
293
295
295
58
58
295
297
295
296
295
296
295
300
300
302
295
300
300
300
305
300
295
307
58
308
308
308
308
308
308
308
308
308
308
308
308
308
308
308
308
308
308
308
308
308
310
310
310
310
310
310
310
310
311
310
312
310
312
310
312
77
310
310
77
77
313
313
313
313
313
313
313
313
313
313
313
313
313
313
313
313
313
313
313
313
313
313
313
313
316
313
313
313
313
313
313
313
313
313
313
313
313
321
321
322
323
324
324
324
324
324
324
324
324
324
324
324
324
324
324
324
324
324
324
324
325
325
325
325
325
325
325
325
325
326
328
329
325
325
330
325
325
325
325
333
333
337
333
337
333
333
333
338
338
333
337
338
277
277
277
333
333
333
343
333
333
333
333
333
279
279
346
346
346
346
346
346
346
346
346
346
346
346
346
346
346
346
346
346
346
347
347
347
347
347
347
347
347
347
347
347
347
347
347
347
347
347
347
347
49
49
49
49
49
49
49
49
49
49
49
49
348
49
49
348
348
49
349
348
49
350
350
351
350
350
350
350
350
350
350
350
350
350
350
350
350
350
350
350
350
352
352
352
352
352
352
352
352
352
352
352
352
352
352
352
352
352
352
352
352
352
352
352
352
352
352
352
352
352
352
352
354
352
352
352
352
352
352
355
355
355
355
355
355
355
355
355
355
355
355
355
355
355
355
355
355
355
356
356
356
356
356
356
356
356
356
356
356
356
356
356
356
356
356
356
356
356
358
358
358
358
358
358
358
358
358
358
358
358
358
358
358
358
358
358
358
359
359
359
359
359
359
359
359
359
359
359
359
359
359
359
359
359
359
359
360
360
360
360
360
361
360
362
360
361
362
360
362
360
360
360
360
320
360
361
360
360
360
360
360
363
363
363
363
363
363
363
363
363
363
363
363
363
363
363
363
363
364
365
366
366
366
366
366
366
366
366
366
366
366
366
366
366
366
366
366
366
366
366
367
367
367
367
368
367
367
367
367
367
367
367
367
367
367
367
367
367
367
369
369
369
369
369
369
369
369
369
369
369
369
369
369
369
369
369
369
369
375
375
377
377
377
377
377
377
377
377
377
377
377
377
377
377
379
377
377
377
377
380
380
380
380
380
380
380
134
380
380
380
380
380
380
380
380
380
380
786
786
786
381
381
381
381
381
381
381
381
381
381
381
381
381
381
381
381
381
382
381
381
383
383
385
383
383
383
383
383
383
383
383
383
383
383
383
383
383
383
383
383
387
387
387
346
387
387
21
387
387
346
387
761
390
393
387
285
387
387
387
387
346
387
387
393
393
395
395
395
395
395
395
395
395
395
395
395
395
395
395
395
395
395
395
395
34
401
395
402
402
402
402
402
402
402
402
402
402
402
402
402
402
402
402
402
402
402
403
403
403
263
403
403
263
403
403
403
263
403
263
403
263
403
403
403
403
263
403
403
263
404
405
405
405
405
405
405
405
405
405
405
405
405
405
405
405
405
405
405
405
406
406
406
407
406
406
406
406
406
406
406
406
406
406
406
406
406
406
406
409
409
409
409
409
409
409
409
409
409
409
409
409
409
409
409
409
409
409
410
410
410
410
410
410
410
410
410
410
410
410
410
410
410
410
410
410
410
410
410
414
414
414
414
414
414
414
414
414
414
414
414
414
414
414
414
414
414
414
416
416
416
416
416
416
416
416
416
845
416
357
416
416
416
416
416
416
846
844
417
417
418
417
417
417
417
417
420
422
417
424
425
425
417
420
752
417
430
753
420
425
397
425
164
437
437
437
437
437
437
437
437
440
441
437
443
445
447
437
792
449
437
450
113
452
453
453
437
455
455
455
455
455
455
455
455
455
456
456
455
456
456
456
455
455
455
456
457
457
457
458
457
457
457
457
459
458
460
457
461
457
457
460
457
457
460
460
462
27
463
465
27
463
468
463
468
27
33
471
39
473
471
463
39
471
471
27
463
27
471
27
471
27
27
27
476
27
463
463
478
478
478
478
479
478
478
478
480
481
481
482
478
231
428
763
432
483
484
485
478
478
478
478
478
478
478
478
478
478
478
480
481
481
482
478
492
428
763
432
483
485
494
494
494
494
494
494
496
497
494
497
497
497
494
497
497
497
494
497
494
499
501
502
494
504
504
504
504
504
506
504
506
506
506
504
506
504
507
504
504
508
504
506
506
434
510
506
512
512
512
512
512
512
512
512
512
512
512
512
512
512
512
512
512
512
512
513
513
513
513
513
513
513
513
513
514
513
21
513
513
513
770
513
513
513
513
515
515
515
515
515
515
515
515
515
515
515
515
515
515
515
515
515
498
515
517
517
517
517
517
517
517
517
517
517
517
517
517
517
517
517
517
517
517
518
518
519
518
518
518
518
780
520
518
518
518
521
522
523
518
518
518
518
518
521
521
518
524
518
525
526
526
526
526
526
526
526
526
526
527
527
526
526
526
526
526
526
526
527
526
324
529
529
529
529
529
529
529
529
529
529
529
529
529
529
529
529
529
529
529
529
529
529
529
529
529
209
529
529
531
531
531
531
531
531
531
531
532
533
531
531
531
531
532
532
531
532
532
147
147
147
147
147
147
147
147
363
147
147
147
147
147
147
147
147
147
147
147
365
365
534
534
534
534
534
534
534
534
534
534
534
534
535
534
534
534
534
534
534
534
49
23
536
536
536
536
536
536
536
536
537
536
536
536
536
536
536
536
536
536
536
538
538
538
538
538
538
538
538
538
538
278
278
538
538
538
538
538
538
538
538
539
539
539
539
539
539
539
539
539
539
539
539
539
539
539
539
539
539
539
540
540
264
542
540
542
540
540
542
433
433
542
542
542
540
542
543
542
542
540
542
540
542
542
544
545
547
547
547
548
547
547
547
547
547
549
547
549
549
549
550
547
550
550
550
551
551
551
551
551
551
551
551
551
404
551
848
404
551
404
404
551
551
404
404
848
551
551
551
159
159
159
159
159
159
159
159
159
159
159
159
159
159
159
159
159
159
159
555
555
555
555
555
555
555
555
555
555
555
555
555
555
751
555
555
555
556
556
557
557
557
558
557
557
559
560
560
557
560
561
557
557
557
557
557
557
557
557
115
115
115
115
115
115
115
115
115
115
115
115
115
115
115
115
115
562
562
115
115
115
795
115
115
115
115
115
115
568
115
115
115
115
570
115
115
115
115
115
115
288
288
115
115
115
115
115
115
115
115
115
115
115
115
573
115
115
115
115
115
562
34
34
34
34
34
34
34
34
34
34
34
34
34
34
34
34
34
34
34
574
575
574
576
574
575
574
575
806
574
575
575
44
44
575
44
575
44
574
577
575
574
575
578
579
580
581
581
581
581
581
582
583
581
583
581
583
581
583
582
584
585
581
586
582
583
581
583
587
583
588
588
588
588
588
588
588
588
588
589
588
588
588
588
588
588
588
225
588
278
278
278
278
278
278
278
278
278
278
278
278
278
278
278
278
278
278
344
344
592
592
592
592
592
592
592
592
592
592
592
592
592
592
592
592
592
592
592
593
593
593
593
593
593
593
593
593
593
593
593
593
593
593
593
593
103
593
595
595
595
595
595
595
595
595
595
595
595
595
595
595
595
595
595
595
595
596
596
596
596
596
596
596
596
596
596
596
596
596
596
596
596
596
596
596
596
596
596
596
598
599
598
598
599
598
598
599
598
599
598
599
598
599
598
599
599
598
598
599
598
598
599
598
599
598
599
598
599
598
598
599
598
599
599
600
600
600
600
600
600
600
600
600
600
600
600
600
600
600
600
600
600
600
601
601
601
601
601
601
601
601
601
601
601
601
601
601
601
601
601
601
601
602
602
602
602
602
602
602
602
602
602
603
602
604
602
602
604
602
602
604
602
606
606
607
607
607
608
607
608
608
608
607
608
608
608
607
607
607
607
607
607
608
607
607
609
609
608
470
610
470
611
610
611
610
610
470
27
610
610
470
613
470
611
610
470
610
611
242
614
242
242
611
242
611
242
610
242
614
754
610
615
615
615
57
27
565
565
565
565
565
565
565
565
565
565
617
565
565
565
565
565
565
565
565
618
618
619
619
619
619
619
832
832
619
619
619
619
619
619
619
553
619
619
619
619
620
620
620
620
620
620
620
620
759
850
622
183
523
183
620
620
758
620
624
625
626
93
93
93
93
93
93
93
93
93
93
93
627
93
223
93
93
93
93
93
93
93
630
630
630
630
630
630
630
630
630
630
630
630
630
630
630
630
630
631
631
630
94
94
94
94
94
94
94
94
94
94
94
94
94
94
94
94
94
94
94
94
94
94
634
634
634
634
634
634
634
634
634
634
635
634
635
634
634
634
634
634
634
634
566
636
49
49
636
636
636
636
636
49
33
33
33
638
33
636
348
49
639
348
636
640
348
636
348
348
348
636
636
317
632
641
641
641
641
641
641
641
641
641
641
641
641
641
641
641
641
641
641
641
642
642
9
98
642
98
642
642
642
642
642
642
642
642
642
642
642
642
642
642
642
646
646
646
646
646
646
646
646
646
549
647
647
549
646
549
646
550
646
609
648
550
649
448
448
448
448
448
448
448
448
448
223
650
651
448
448
652
651
448
625
448
394
394
394
394
394
394
394
394
394
394
394
394
394
394
394
394
394
394
394
653
653
653
653
653
653
653
653
653
653
653
653
653
653
653
653
653
653
653
296
296
296
296
296
296
296
296
296
296
296
296
296
296
296
296
296
372
372
654
654
654
654
654
654
654
654
654
654
654
654
654
654
654
654
654
654
654
655
655
655
655
655
655
655
655
655
655
655
655
655
655
655
657
655
655
655
655
203
203
203
658
659
203
203
658
203
660
660
660
203
203
659
659
203
198
163
658
203
203
203
661
661
661
661
661
661
661
661
661
661
661
661
661
661
661
661
661
661
661
662
662
662
662
662
662
662
662
662
662
662
662
662
662
662
662
662
662
662
662
663
663
663
663
663
663
663
663
663
664
663
777
663
665
663
663
663
666
663
663
667
574
100
302
302
302
302
302
302
302
302
302
302
302
302
302
302
302
302
302
302
302
542
542
542
542
542
542
542
542
542
542
542
542
542
542
542
542
542
542
542
542
424
424
424
424
424
424
424
424
424
424
670
424
424
424
477
424
477
424
424
672
672
672
672
672
672
672
672
672
672
672
672
672
672
672
672
672
672
672
673
673
673
673
673
673
673
673
673
673
673
673
673
673
673
673
673
673
673
676
676
676
676
676
676
676
676
676
676
676
676
676
676
676
676
676
676
676
568
568
568
568
568
568
568
568
568
568
568
568
568
568
568
568
568
568
568
568
277
277
277
277
277
277
277
277
277
277
277
277
277
277
277
277
333
277
279
279
678
679
678
678
678
678
678
678
678
678
678
678
58
681
216
678
678
678
678
678
678
682
682
682
682
682
682
682
682
682
682
682
682
682
682
682
682
682
682
682
682
683
683
683
683
683
683
683
136
683
684
685
686
683
684
683
135
683
683
688
683
683
689
689
690
689
689
689
689
689
689
689
689
691
689
689
689
689
689
689
693
689
689
253
694
694
694
694
694
694
694
694
694
694
694
694
694
694
694
694
694
695
694
694
696
696
696
697
696
698
696
698
696
698
696
697
696
698
696
696
696
698
766
696
698
767
696
696
696
696
698
696
699
397
397
397
397
397
397
397
397
397
397
397
397
216
397
700
397
701
702
851
621
397
703
703
703
703
703
703
703
703
703
703
531
703
703
703
703
703
703
703
703
27
27
27
27
27
27
27
27
27
27
27
27
27
27
27
27
27
27
27
27
391
391
391
391
391
391
391
391
391
391
391
391
391
391
391
391
391
704
679
705
391
705
704
164
164
164
164
164
164
164
706
164
164
706
164
164
164
164
164
164
164
164
164
707
707
495
707
495
707
707
707
707
707
707
707
707
707
707
707
707
707
708
707
709
709
709
709
709
709
709
709
709
709
709
709
709
709
709
709
709
709
709
710
710
710
710
710
710
710
711
710
710
710
710
710
710
710
710
710
710
56
710
710
712
712
712
712
712
712
712
712
712
712
712
712
712
712
712
712
712
712
712
157
50
31
157
50
157
50
50
50
157
50
157
31
713
614
157
31
31
50
713
713
157
31
714
614
715
157
615
615
31
614
27
523
523
523
523
523
523
520
523
717
523
796
523
523
718
523
523
620
719
720
721
722
188
188
188
188
188
188
188
171
188
188
188
188
188
725
188
171
188
188
188
52
727
191
23
261
261
261
176
730
261
261
261
261
731
732
261
261
732
261
762
261
261
732
733
734
261
261
261
176
261
261
261
261
261
261
735
736
261
261
261
261
261
56
819
734
471
34
27
471
471
471
471
471
471
471
471
471
471
471
471
471
471
471
471
471
471
463
471
463
739
739
739
739
739
739
739
739
739
789
739
739
739
739
739
739
739
789
789
789
741
741
741
741
741
741
741
741
741
741
741
741
741
741
741
741
743
741
741
744
743
743
745
745
746
745
746
745
745
746
746
745
746
745
745
745
745
745
745
745
745
745
745
745
39
31
39
39
39
39
39
39
39
39
39
27
39
39
39
39
748
39
39
824
39
749
750
1
5
1
1
5
5
1
7
768
1
17
16
17
17
17
801
19
17
17
17
17
17
17
17
17
21
21
21
21
21
21
21
21
23
21
24
24
19
28
30
31
19
28
28
30
31
34
52
28
31
40
28
41
38
43
41
19
46
48
772
46
19
28
28
28
19
49
50
28
52
55
55
55
55
55
55
55
55
55
55
55
55
55
55
55
55
55
467
55
72
74
73
73
19
19
19
19
19
19
19
19
78
319
319
19
319
19
80
78
81
797
83
86
19
19
19
89
19
19
91
19
19
90
90
90
19
93
94
19
93
94
93
114
114
114
114
114
114
116
114
114
119
121
114
121
114
114
120
124
114
114
125
114
114
121
127
19
808
19
19
127
66
127
19
339
127
19
28
130
127
127
797
133
133
133
19
133
133
133
133
133
133
133
133
133
133
133
133
133
133
133
133
133
133
133
19
19
19
138
19
19
19
19
28
19
19
827
19
319
319
319
319
319
319
319
143
319
143
319
19
19
319
146
319
143
797
150
150
150
27
680
842
19
19
19
19
19
154
35
19
19
19
19
19
19
19
797
19
19
19
19
19
19
155
28
28
146
157
158
164
167
167
167
167
170
19
167
167
172
167
19
19
174
56
167
177
178
179
319
319
319
319
319
319
319
319
319
319
319
319
319
319
319
319
319
319
319
183
67
16
16
16
16
16
16
16
16
16
16
16
16
16
16
16
16
16
16
16
56
56
56
38
172
189
56
38
56
192
193
38
114
114
114
195
114
114
114
114
114
114
114
114
19
114
114
114
114
19
114
213
213
213
213
213
214
215
213
215
219
213
215
219
213
213
221
378
193
195
195
195
195
195
40
195
195
38
490
233
195
234
195
235
40
236
193
237
240
319
240
240
319
240
240
319
319
240
240
240
240
240
240
240
319
240
319
319
240
319
23
245
23
248
249
248
248
249
248
249
248
248
27
52
248
248
249
248
248
250
251
253
253
253
253
253
253
254
253
253
253
791
253
253
253
253
253
253
791
257
260
261
260
262
262
262
262
262
262
262
262
263
262
262
262
262
262
262
261
263
262
262
263
265
265
265
265
265
265
265
265
265
16
265
265
265
265
265
265
265
265
265
265
794
183
278
275
94
288
291
292
294
249
249
296
295
249
298
249
299
249
5
249
58
52
303
249
304
52
295
306
58
249
306
303
309
309
309
309
309
309
19
309
309
309
309
309
309
309
309
309
308
309
195
195
195
195
195
195
195
38
317
233
195
316
195
160
235
511
236
42
42
237
327
19
331
332
334
340
336
340
334
333
333
334
340
333
333
341
342
334
319
333
319
334
319
319
319
344
319
353
353
353
353
353
353
353
353
353
353
353
352
353
353
353
353
353
353
318
318
318
318
318
318
318
357
318
318
318
19
19
259
19
318
256
364
364
364
364
364
364
364
364
364
364
364
364
364
364
364
364
364
335
19
367
309
370
370
370
370
370
371
370
370
370
372
374
370
373
370
373
370
370
373
373
19
19
19
19
19
19
19
19
19
784
19
787
384
384
386
384
384
384
384
384
384
384
384
384
384
384
384
384
384
384
384
384
194
388
388
389
388
194
194
388
389
388
194
391
394
194
194
194
388
194
388
75
194
194
194
194
396
396
396
396
396
396
398
182
182
396
396
399
399
396
396
396
400
396
396
396
396
396
756
263
263
263
263
263
263
263
263
263
263
263
263
263
263
263
263
776
263
408
411
411
411
411
411
412
411
411
411
411
411
413
411
411
413
411
413
411
413
31
415
419
421
423
774
426
426
421
429
431
421
426
433
426
436
438
438
40
438
438
191
439
56
56
439
444
446
261
438
121
56
439
451
171
439
439
454
439
456
255
38
80
464
466
242
464
790
464
790
468
226
38
472
79
40
464
474
38
38
80
464
475
38
80
46
80
80
80
477
80
464
464
56
56
52
52
486
52
52
52
56
488
489
489
52
52
491
52
779
56
254
52
493
495
495
495
495
495
495
5
256
495
256
256
256
495
256
256
256
256
256
495
500
497
499
503
505
505
505
505
505
505
505
505
18
505
505
18
505
506
504
513
19
19
19
19
19
19
19
19
19
19
19
19
442
19
19
19
19
19
19
19
526
19
19
526
526
19
19
19
19
526
526
530
309
309
309
309
396
396
396
396
396
399
396
182
182
396
396
399
399
396
396
182
396
396
396
396
396
400
19
19
19
19
19
19
19
19
831
830
19
19
782
19
797
264
264
541
264
540
264
540
783
19
540
540
264
540
540
540
264
540
540
540
540
546
276
276
19
276
276
276
276
276
151
276
552
276
276
76
76
276
413
413
76
849
797
554
563
563
564
564
563
564
563
566
563
567
569
563
563
288
245
115
563
563
563
571
563
571
562
562
572
572
572
572
572
572
572
572
572
572
572
572
139
572
572
572
572
572
572
179
179
179
179
179
179
179
179
179
590
179
179
179
179
179
179
179
279
179
19
19
19
19
19
19
19
16
19
19
16
19
19
19
19
27
278
594
597
597
597
597
597
597
597
597
597
597
597
597
597
80
597
82
797
605
608
608
608
5
608
608
245
608
608
608
608
608
608
608
607
803
612
612
803
19
612
803
612
803
612
801
470
802
27
801
801
27
470
470
611
242
610
470
623
19
632
319
319
319
319
79
633
319
319
319
319
319
319
319
319
319
800
319
19
19
19
799
19
19
19
427
19
0
19
173
797
636
637
19
19
19
33
797
797
798
796
19
38
38
795
833
19
348
56
640
38
56
807
632
797
643
644
645
656
656
198
198
198
332
332
198
198
332
198
332
332
332
198
198
332
332
198
332
332
332
198
198
332
810
811
797
792
255
255
255
255
255
255
255
255
668
669
56
40
40
56
56
184
671
454
40
674
674
674
674
674
674
674
674
498
674
674
674
674
674
674
674
674
675
675
791
812
813
791
677
509
814
83
83
83
83
83
83
83
83
83
83
83
83
84
84
681
83
83
83
83
83
83
628
253
253
253
253
253
253
253
23
253
253
253
791
253
253
253
254
253
253
253
253
791
245
703
687
469
469
469
469
469
469
469
469
469
469
469
469
469
469
469
469
469
469
469
612
612
612
808
808
612
808
612
50
128
612
27
803
50
50
612
692
713
612
50
128
716
713
713
52
52
486
52
52
3
489
651
181
181
489
726
52
189
52
52
815
773
728
729
816
56
181
817
399
737
52
52
52
818
56
254
181
793
38
27
242
38
38
38
38
38
40
38
170
38
19
38
40
38
38
38
38
38
38
464
738
464
193
742
742
319
821
788
19
823
747
822
38
195
38
38
38
38
38
40
38
170
38
31
38
40
38
46
826
38
38
715
825
31
53
5
195
50
38
28
42
19
58
75
19
19
117
19
19
258
19
19
19
687
19
38
56
207
38
56
193
242
243
245
242
263
19
19
296
301
19
829
232
38
8
237
193
334
334
334
319
94
334
319
319
319
319
94
94
94
319
345
373
373
380
392
805
804
397
396
396
757
309
40
32
470
38
19
847
265
52
265
19
528
397
396
396
781
19
19
115
770
591
475
475
797
42
19
638
19
809
19
152
775
19
19
724
265
265
242
195
46
42
42
820
852
852
46
42
38
853
853
828
56
193
785
778
487
58
487
487
487
195