Word with borrowing2	Full COGID
52 53	1
52 53	1
52 53	1
52 53	1
52 53	1
52 53	1
52 53	1
52 53	1
52 53	1
52 53	1
52 53	1
52 53	1
52 53	1
52 53	1
52 53	1
52 53	1
52 53	1
54 55 	2
52 53	1
648	3
648	3
648	3
648	3
648	3
648	3
648	3
648	3
648	3
481	4
649	5
650	6
648	3
648	3
651	7
650	6
648	3
622	8
652	9
584 175	10
584 175	10
584 175	10
584 175	10
584 175	10
584 175	10
584 175	10
584 175	10
584 175	10
585 586	11
584 175	10
584 175	10
584 175	10
584 175	10
584 175	10
584 175	10
584 175	10
218 268 587	12
584 175	10
533	13
533	13
533	13
533	13
533	13
533	13
533	13
533	13
533	13
533	13
533	13
533	13
533	13
533	13
533	13
533	13
533	13
533 533	14
533	13
533	13
70	15
70	15
70	15
70	15
70	15
71 70	16
70	15
70	15
70	15
70	15
70	15
70 72 73	17
70	15
70	15
70 71	18
70	15
70	15
70	15
74	19
75 71	20
664	21
664	21
664	21
664	21
664	21
664	21
664	21
664	21
664	21
665	22
664	21
252	23
664	21
666	24
664	21
664	21
664	21
667	25
664	21
664	21
668	26
572	27
668	26
131 14	28
131 14	28
131 14	28
131 14	28
131 14	28
131 14	28
131 14	28
131 14	28
131 14	28
131 14	28
131 14	28
131 14	28
131 14	28
131 14	28
131 14	28
131 14	28
131 14	28
131 14	28
131 14	28
373 374	29
373 374	29
375 376	30
373 374	29
373 374	29
373 374	29
373 374	29
373 374	29
373 374	29
373 374	29
373 374	29
373 374	29
373 374	29
373 374	29
373 374	29
373 374	29
373 374	29
373 374	29
373 374	29
373 374	29
267	31
267	31
267	31
267	31
267	31
267	31
267	31
267 14	32
267	31
267	31
267 14	32
267	31
267	31
267	31
267	31
267	31
267	31
267	31
331 25	33
331 267	34
391	35
391	35
391	35
391	35
391	35
391	35
391	35
391	35
391	35
391	35
391	35
391	35
391	35
391	35
391	35
391	35
391	35
391	35
391	35
743	36
743	36
744	37
743	36
744	37
743	36
744	37
744	37
744 744	38
743	36
744	37
743	36
743	36
743	36
743	36
743	36
743	36
743	36
743	36
743	36
743	36
743	36
366	39
366	39
366	39
366	39
366	39
366	39
366	39
366	39
366	39
366	39
366	39
366	39
367	40
366	39
368	41
366	39
366	39
366	39
366	39
285	42
285	42
285	42
285	42
285	42
285	42
285	42
285	42
285	42
285	42
285	42
285	42
285	42
285	42
285	42
285	42
285	42
362	43
362	43
349	44
349	44
349	44
349	44
349	44
349	44
349	44
349	44
349	44
349	44
349	44
349	44
349	44
349	44
349	44
349	44
349	44
349	44
349	44
550	45
550	45
550	45
550	45
550	45
550	45
550	45
550	45
550	45
550	45
550	45
550	45
550	45
550	45
769	46
550	45
550	45
550	45
551	47
551	47
93	48
93	48
93	48
93	48
93	48
93	48
93	48
93	48
93	48
93	48
93	48
93	48
93	48
93	48
93	48
93	48
93	48
93	48
93	48
93	48
93 93	49
93	48
123 124	50
125	51
126	52
33 33	53
125	51
125	51
125	51
123 124	50
125 125	54
123 124	50
125	51
125 125	54
125	51
123 124	50
125	51
125 26	55
125	51
125 127	56
125 124	57
123 124	50
755	58
756	59
196 191	60
196 191	60
196 191	60
659 319	61
660 319	62
196 191	60
196 191	60
659 319	61
196 191	60
661 319	63
661 319	63
661 319	63
196 191	60
196 191	60
660 319	62
660 319	62
196 191	60
191 319	64
159 319	65
659 319	61
196 191	60
196 191	60
196 319	66
138	67
138	67
138	67
138	67
138	67
138	67
138	67
138	67
138	67
138	67
138	67
138	67
138	67
138	67
138	67
138	67
138	67
138	67
138	67
634	68
47 634	69
47 635	70
634	68
634	68
634	68
634	68
634	68
47 31 31	71
31 31	72
31	73
31 31	72
636 636	74
31	73
634	68
337 36 40	75
47 36	76
637 637	77
337	78
634	68
638 337 	79
337  636	80
634	68
337 638 	81
337 36 	82
337 54 	83
634	68
634	68
305 629 	84
629	85
515	86
515	86
515	86
515	86
515	86
515	86
515 515	87
515	86
515	86
516 515	88
516 515	88
515	86
515	86
515	86
515	86
515	86
515	86
515	86
268 515	89
515	86
311 515 517	90
405	91
405	91
405	91
405	91
405	91
405	91
405	91
405	91
405	91
405	91
405	91
405	91
405	91
405	91
405	91
405	91
405	91
405	91
405	91
381	92
381	92
381	92
381	92
381	92
381	92
381	92
381	92
381	92
381	92
381	92
381	92
381	92
381	92
381	92
381	92
381	92
703	93
679	94
704	95
381	92
704	95
703	93
702	96
702	96
702	96
702	96
702	96
702	96
702	96
702	96
702	96
702	96
702	96
702	96
702	96
702	96
702	96
702	96
702	96
702	96
702	96
589	97
589	97
589	97
589	97
589	97
589	97
589	97
589	97
589	97
589	97
589	97
589	97
589	97
589	97
589	97
589	97
589	97
100 590	98
589	97
180	99
180	99
180	99
180	99
180	99
180	99
180	99
180	99
180	99
180	99
180	99
180	99
180	99
180	99
180	99
180	99
180	99
180	99
180	99
180	99
180	99
180	99
180	99
180	99
180	99
180	99
180	99
180	99
180	99
181	100
180	99
180	99
180	99
180	99
180	99
180	99
180	99
180	99
683	101
683	101
683	101
683	101
683	101
683	101
683	101
133	102
683	101
684	103
685	104
686	105
683	101
684	103
683	101
132	106
683	101
683	101
687	107
683	101
683	101
237	108
237	108
237	108
237	108
237	108
237	108
237	108
237	108
237	108
237	108
231	109
237	108
237	108
237	108
237	108
237	108
237	108
237	108
237	108
215	110
215	110
215	110
215	110
215	110
215	110
215	110
215	110
215	110
215	110
215	110
215	110
216	111
217 218 55	112
215	110
215	110
215	110
215	110
215	110
215	110
215	110
269	113
269	113
269	113
269	113
269	113
269	113
269	113
270	114
271	115
269	113
269	113
269	113
272	116
269	113
269	113
269	113
269	113
269	113
269	113
269	113
273	117
410	118
410	118
411 412	119
410	118
410	118
410	118
410	118
410	118
413 414	120
415 416	121
410	118
417 765	122
418 419	123
420 421	124
410	118
413 414	120
766 422	125
410	118
423 424	126
767	127
413 414	120
425 421	128
387 426	129
427 428	130
160 429	131
627	132
627	132
627	132
627	132
627	132
627	132
627	132
627	132
627	132
627	132
627	132
627	132
627	132
627	132
627	132
627	132
627	132
628	133
628	133
627	132
644	134
644	134
644	134
644	134
644	134
644	134
644	134
644	134
644	134
539	135
645	136
645	136
539	135
644	134
539	135
644	134
540	137
644	134
606	138
646	139
540	137
647	140
560	141
560	141
560	141
560	141
560	141
560	141
560	141
560	141
560	141
560	141
613	142
560	141
560	141
560	141
560	141
560	141
560	141
560	141
560	141
614	143
614	143
569	144
570	145
569	144
571	146
569	144
570	145
569	144
570	145
216	111
569	144
570	145
570	145
572	27
572	27
570	145
572	27
570	145
572	27
569	144
573	147
570	145
569	144
570	145
574	148
575	149
576	150
531 253	151
531 253	151
253	152
533	13
531 253	151
533 531	153
531	154
531 253	151
533 531	153
426 426	155
426	156
533	13
533 531	153
533 531	153
531 253	151
533 531	153
534 531	157
533 531	153
533	13
531 253	151
533 531	153
531	154
533 531	153
533 531	153
535 531	158
255 536	159
593	160
593 594	161
593 594	161
593 594	161
593	160
593 594	161
593	160
593 594	161
593	160
593 594	161
593 594	161
593 594	161
593 594	161
593 594	161
593	160
593 594	161
593 594	161
593 594	161
593	160
593 594	161
593	160
593	160
593	160
253 254	162
253 254	162
253 254	162
253 254	162
253 254	162
254	163
253 254	162
254	163
253 254	162
254	163
254	163
253 254	162
254	163
253 254	162
254 14	164
253 254	162
253 254	162
253 254	162
253 254	162
254	163
253 254	162
253 254	162
253 254	162
253 254	162
255 254	165
253 254	162
537	166
537	166
537	166
538	167
537	166
537	166
537	166
537	166
537	166
539	135
537	166
539	135
539	135
539	135
540	137
537	166
540	137
540	137
540	137
673 674	168
673 674	168
673 674	168
673 674	168
673 674	168
673 674	168
673 674	168
673 674	168
673 17	169
673 674	168
673 675	170
673 674	168
673 674	168
673 674	168
673 675	170
673 674	168
673 674	168
673 675	170
673 675	170
359 360	171
359 360	171
359	172
359 360	171
359 360	171
359	172
359 360	171
359	172
359 360	171
359 360	171
359 360	171
359 362 363	173
359 364 363	174
359 360	171
359 363	175
359 360	171
359 363	175
359 360	171
359 360	171
365 363	176
365 363	176
577	177
577	177
577	177
577	177
577	177
578	178
579	179
577	177
579	179
577	177
579	179
577	177
579	179
578	178
580	180
581	181
577	177
582	182
578	178
579	179
577	177
579	179
583	183
579	179
400	184
400	184
400	184
400	184
400	184
400	184
400	184
400	184
400	184
400	184
400	184
400	184
400	184
400	184
400	184
400	184
400	184
400	184
400	184
462 462	185
607	186
462	187
608	188
607 609	189
608	188
607	186
607 609	189
462 462	185
25	190
607	186
607 609	189
462	187
610	191
462 462	185
608	188
607 609	189
462 462	185
607 609	189
608 608	192
232	193
462	187
232 232	194
232 25 467	195
608 608	192
232	193
608 608	192
232 25 467	195
607	186
459	196
462	187
771	197
607	186
462	187
608	188
232	193
55 607	198
462	187
9	199
9	199
9	199
9	199
9	199
9	199
9	199
10	200
9	199
9	199
9	199
11	201
9	199
9	199
9	199
9	199
12	202
13	203
9	199
9	199
13	203
13	203
394 252	204
394 252	204
394 252	204
252	23
394 252	204
394 252	204
252	23
394 252	204
394 252	204
394 252	204
252	23
394 252	204
252	23
394 252	204
252	23
394 252	204
394 252	204
394 252	204
394 252	204
252	23
394 252	204
394 252	204
252 252	205
395 252	206
139	207
139	207
139	207
139	207
139	207
139	207
139	207
140	208
139	207
139	207
139	207
139	207
139	207
139	207
139	207
139	207
139	207
139	207
139	207
139	207
112 558	209
112 558	209
112 559	210
560 559	211
112 558	209
112 559	210
112 558	209
112 561	212
112 558	209
112 562	213
563 564	214
112 558	209
112 558	209
112 277 112	215
112	216
565 112	217
112 558	209
112 558	209
112 558	209
112 566 	218
112 558	209
112 566	219
277 557	220
277 557	220
672	221
672	221
672	221
672	221
672	221
672	221
672	221
672	221
672	221
672	221
672	221
672	221
672	221
672	221
672	221
672	221
672	221
672	221
672	221
393	222
393	222
393	222
393	222
393	222
393	222
393	222
393	222
393	222
393	222
393	222
393	222
393	222
393	222
393	222
393	222
393	222
393	222
393	222
311	223
311	223
311	223
311	223
311	223
311	223
311	223
311	223
311	223
311	223
311	223
311	223
311	223
311	223
311	223
311	223
311	223
311	223
311	223
16	224
16	224
16	224
16	224
16	224
16	224
16	224
16	224
16	224
16	224
16	224
16	224
16	224
16	224
16	224
16	224
16	224
16	224
753	225
18 19	226
18 19	226
18 19	226
18 19	226
18	227
18	227
19	228
18	227
18 19	226
19	228
18	227
19	228
18 19	226
20	229
19	228
20	229
18 19	226
19	228
18	227
19	228
18 19	226
19	228
19	228
18 19	226
18	227
19	228
19	228
160	230
160	230
160	230
160	230
160	230
160	230
160	230
705	231
160	230
160	230
705	231
160	230
160	230
160	230
160	230
160	230
160	230
160	230
160	230
160	230
663	232
663	232
663	232
663	232
663	232
663	232
663	232
663	232
663	232
663	232
663	232
663	232
663	232
663	232
663	232
663	232
663	232
663	232
663	232
663	232
596	233
596	233
596	233
596	233
596	233
596	233
596	233
596	233
596	233
596	233
596	233
596	233
596	233
596	233
596	233
596	233
596	233
596	233
596	233
312	234
312	234
312	234
312	234
312	234
312	234
312	234
312	234
312	234
313 314	235
315	236
316	237
312	234
312	234
317 318	238
312	234
312	234
312	234
312	234
266	239
266	239
266	239
266	239
266	239
266	239
266	239
266	239
266	239
266	239
266	239
266	239
266	239
266	239
266	239
266	239
320	240
266	239
268	241
268	241
218	242
218	242
218	242
218	242
218	242
218	242
218	242
218	242
218	242
218	242
218	242
218	242
218	242
218	242
218	242
218	242
218	242
218	242
218	242
678 82	243
679 82	244
678 82	243
678 82	243
678 82	243
678 82	243
678 82	243
678 82	243
678 82	243
678 82	243
678 82	243
678 82	243
56 83	245
680 83	246
209 680	247
678 82	243
678 82	243
678 82	243
678 82	243
678 82	243
678 82	243
188 111	248
188 111	248
188 111	248
111	249
188 111	248
188 111	248
188 111	248
188 111	248
188 111	248
188 111	248
188 111	248
188 111	248
111	249
188 111	248
188 111	248
188 111	248
188 111	248
111	249
188 111	248
709	250
709	250
709	250
709	250
709	250
709	250
709	250
710	251
709	250
709	250
709	250
709	250
709	250
709	250
709	250
709	250
709	250
709	250
54 55	252
709	250
709	250
617	253
617	253
617	253
617	253
617	253
617	253
617	253
617	253
772	254
618	255
619	256
179	257
512 620	258
179	257
617	253
617	253
773	259
617	253
621	260
622	8
623	261
640	262
640	262
8 641	263
97 642	264
640	262
97 643	265
640	262
640	262
640	262
640	262
640	262
640	262
640	262
640	262
640	262
640	262
640	262
640	262
640	262
640	262
640	262
108	266
108	266
108	266
108	266
108	266
108	266
108	266
108	266
108	266
108	266
108	266
108	266
108	266
108	266
108	266
108	266
108	266
108	266
108	266
494 495	267
494 495	267
494 495	267
494 495	267
494 495	267
496	268
494 495	267
496	268
496	268
496	268
494 495	267
496	268
494 495	267
497 16	269
494 495	267
494 495	267
498 16 	270
494 495	267
496	268
496	268
499 496	271
500	272
496 494	273
708	274
708	274
708	274
708	274
708	274
708	274
708	274
708	274
708	274
708	274
708	274
708	274
708	274
708	274
708	274
708	274
708	274
708	274
708	274
529	275
529	275
529	275
529	275
529	275
529	275
529	275
529	275
529	275
529	275
267 529	276
267 529	276
529	275
529	275
529	275
529	275
529	275
529	275
529	275
529	275
78 251	277
78 251	277
78 251	277
78 251	277
78 251	277
78 251	277
78 251	277
78 251	277
78 252	278
78 251	277
78 251	277
78 251	277
78 251	277
78 251	277
78 251	277
78  252	279
78 252	278
78 251	277
78 251	277
78 252	278
178	280
178	280
178	280
178	280
178	280
178	280
178	280
178	280
178	280
178	280
178	280
178	280
178	280
178	280
178	280
178	280
178	280
178	280
178	280
178	280
32	281
32	281
32	281
32	281
32	281
32	281
32	281
32	281
219	282
219	282
219	282
32	281
32	281
219	282
219	282
32	281
219	282
220	283
220	283
220	283
78	284
78	284
78	284
78	284
78	284
247	285
78	284
248	286
78	284
78	284
78	284
78	284
78	284
78	284
247 249	287
78	284
78	284
78	284
78	284
78	284
78	284
78 249	288
242 243	289
242 243	289
242 243	289
242 243	289
242 243	289
242 243	289
242 244	290
242 243	289
242 243	289
242 243	289
242 245	291
242 243	289
242 243	289
242 243	289
242	292
242 243	289
242 243	289
242 243	289
242 245	291
342	293
342	293
342	293
342	293
342	293
342	293
342	293
342	293
342	293
342	293
342	293
342	293
342	293
342	293
342	293
342	293
342	293
342	293
342	293
342 343	294
342 343	294
342 343	294
342 343	294
342 343	294
342 343	294
342	293
342 343	294
342 343	294
342 343	294
342 343	294
342 343	294
344 342	295
342 343	294
342 343	294
342 343	294
342 343	294
342 343	294
342 343	294
506	296
506	296
506	296
506	296
506	296
506	296
506	296
506	296
506	296
506	296
506	296
506	296
506	296
506	296
506	296
506	296
506	296
506	296
506	296
470 50	297
470 50	297
470 478	298
470	299
470 50	297
470 50	297
470 50	297
470	299
470	299
470 435 254 479	300
470 480	301
472 481	302
473 481	303
473 50	304
474 482	305
470 483 50 56	306
307 482	307
470	299
470 435 254 479	300
168 244	308
475 50	309
477 484	310
112	216
112	216
112	216
112	216
112	216
112	216
112	216
112	216
112	216
112	216
112	216
112	216
112	216
112	216
112	216
112	216
112	216
557	311
557	311
512	312
512	312
512	312
512	312
512	312
512	312
509	313
512	312
717	314
512	312
594	315
512	312
512	312
718	316
512	312
512	312
617	253
719	317
720	318
721	319
722	320
563	321
563	321
563	321
563	321
563	321
563	321
563 563	322
563	321
563	321
563	321
563	321
563	321
563	321
563	321
563	321
563	321
563	321
563	321
563 563	322
563	321
57	323
57	323
57	323
57	323
57	323
57	323
57	323
57	323
57	323
57	323
57	323
57	323
57	323
57	323
58	324
57	323
57	323
57	323
57	323
430 431	325
430 431	325
432	326
432 38	327
430 431	325
430 431	325
430 186	328
430 433	329
434 54	330
432 435	331
430 433	329
436 437	332
438 439	333
440 250	334
430 431	325
167 118	335
441 435	336
430 433	329
442 443	337
110 167	338
444 433	339
445 433	340
445 446	341
430 433	329
112 567	342
112 567	342
112 567	342
112 567	342
112 567	342
112 567	342
112 567	342
112 567	342
112 567	342
112 567	342
112 567	342
112 567	342
568 137	343
112 567	342
112 567	342
112 567	342
112 567	342
112 567	342
557 567	344
454 36	345
79	346
455 456	347
457 458 	348
459	196
455 456	347
461	349
455 456	347
461	349
461	349
31 32 462	350
463 36	351
37 464	352
465 142 36	353
463	354
455 456	347
37 466	355
463 36	351
463 36	351
79	346
455 456	347
467	356
463 36	351
79	346
463 44	357
79	346
79	346
79	346
468 469	358
79	346
455 456	347
455 456 59	359
303	360
303	360
303	360
303	360
303	360
303	360
303	360
303	360
303	360
303	360
303	360
303	360
303	360
303	360
303	360
303	360
303	360
303	360
303	360
82	361
82	361
82	361
82	361
82	361
82	361
82	361
82	361
82	361
82	361
82	361
82	361
83 82	362
85	363
82	361
82	361
82	361
82	361
82	361
82	361
86	364
110 111	365
110 111	365
110 111	365
110 111	365
110 111	365
110 111	365
112 113 114	366
110 111	365
110 111	365
115 116	367
117 118	368
110 111	365
119 118	369
110 111	365
110 111	365
120 117	370
115 121	371
110 111	365
110 111	365
117 122	372
117 111	373
110 111	365
754 118	374
407	375
407	375
407	375
407	375
407	375
407	375
407	375
407	375
407	375
408	376
407	375
347	377
407	375
407	375
407	375
407	375
407	375
407	375
245	378
409	379
132	106
132	106
132	106
132	106
132	106
132	106
132	106
133	102
132	106
132	106
132	106
132	106
132	106
132	106
132	106
132	106
132	106
132	106
134	380
134	380
320	240
320 321	381
322 85 323	382
320 323	383
324 85 321	384
320	240
320 321	381
320	240
 320 321	385
320	240
320 321 93	386
324 326 321	387
320	240
266 320 	388
266 328 	389
266 329 	390
320	240
320 321	381
320  93	391
 320 93	392
320  93	391
320 321	381
320	240
320	240
320	240
268 331 	393
268  332	394
485 486	395
485 486	395
485 486	395
485 486	395
485 486	395
485 486	395
487	396
488 246	397
485 486	395
488 246	397
488 246	397
488 246	397
485 486	395
488 246	397
488 246	397
488 246	397
485 246	398
488 246	397
485 486	395
489 490	399
491 488	400
492 489	401
485 493	402
662	403
662	403
662	403
662	403
662	403
662	403
662	403
662	403
662	403
662	403
662	403
662	403
662	403
662	403
662	403
662	403
662	403
662	403
662	403
340	404
340	404
341	405
340	404
340	404
340	404
340	404
340	404
340	404
340	404
340	404
340	404
340	404
340	404
340	404
340	404
340	404
340	404
340	404
340	404
369	406
369	406
369	406
369	406
369	406
369	406
369	406
  369 369	407
369	406
369	406
369	406
369	406
369	406
369	406
369	406
369	406
369	406
369	406
370	408
370 370	409
370	408
524 386	410
524 386	410
524 386 	411
524 386	410
524 386	410
524 389	412
524 386	410
524 178	413
524 178 386	414
524 386	410
524 386	410
524 389	412
525 389	415
524 386	410
524 386	410
524 178 386	414
524 386	410
524 386 	411
524 386	410
524 386	410
47 386	416
21 526	417
264	418
264	418
264	418
264	418
264	418
264	418
264	418
264	418
264	418
265	419
266 266	420
264	418
264	418
264	418
264	418
264	418
266	239
264	418
268 264	421
268 93	422
234	423
234	423
234	423
234	423
234	423
189	424
189	424
189	424
234	423
234	423
189	424
190	425
234	423
234	423
6	426
234	423
189	424
190	425
234	423
236	427
234	423
234	423
234	423
21	428
21	428
417	429
417	429
417	429
417	429
417	429
417	429
417	429
417	429
417	429
417	429
670	430
417	429
417	429
417	429
469	431
417	429
469	431
417	429
417	429
615	432
615	432
615	432
615	432
615	432
616	433
616	433
615	432
615	432
615	432
615	432
615	432
615	432
615	432
615	432
615	432
615	432
615	432
615	432
109	434
109	434
109	434
109	434
109	434
109	434
109	434
109	434
109	434
109	434
109	434
109	434
109	434
109	434
109	434
109	434
109	434
109	434
109	434
153	435
153	435
153	435
153	435
153	435
153	435
153	435
153	435
153	435
153	435
153	435
153	435
153	435
153	435
153	435
153	435
153	435
153	435
153	435
153	435
156	436
463 36	351
232	193
232	193
463 36	351
463 36	351
463 36	351
463 36	351
463 36	351
463	354
463 36	351
463	354
463 36	351
463  44	437
463 36	351
463	354
463 36 40	438
463 36 40	438
463 36	351
463  36	439
463 36	351
463 36	351
455 456 59	359
463	354
455 456 59	359
591	440
591	440
591	440
591	440
591	440
591	440
591	440
591	440
591	440
591	440
591	440
591	440
591	440
591	440
591	440
591	440
591	440
592	441
591	440
155 609	442
48	443
29	444
155 609	442
48	443
155 609	442
48	443
48 48	445
48 48	445
155 609	442
48 48	445
155 609	442
29	444
713 48	446
125	51
155 609	442
29	444
29 25 17	447
48 48	445
713 48	446
713 48	446
155 609	442
29	444
714	448
713	449
715	450
155 609	442
48	443
125	51
29	444
713	449
713	449
401 402	451
401 402	451
401 402	451
401 402	451
401 402	451
401 403	452
401 402	451
401 402	451
401 402	451
401 402	451
401 402	451
401 404	453
401 402	451
401 402  	454
401 404	453
401 402	451
401 404	453
401 402	451
401 404	453
401	455
401 29	456
137	457
137	457
137	457
137	457
137	457
137	457
137	457
137	457
137	457
137	457
137	457
137	457
137	457
137	457
137	457
137	457
137	457
137	457
137	457
523	458
523	458
523	458
523	458
523	458
523	458
523	458
523	458
353	459
523	458
523	458
523	458
523	458
523	458
523	458
523	458
523	458
523	458
523	458
523	458
145	460
145	460
711 712	461
711 712	461
711 712	461
711 712	461
711 712	461
711 712	461
711 712	461
711 712	461
711 712	461
711 712	461
711 712	461
711 712	461
711 712	461
711 712	461
711 712	461
711 712	461
711 712	461
711 712	461
711 712	461
447	462
447	462
447	462
447	462
447	462
447	462
447	462
447	462
448	463
448	463
448	463
447	462
448	463
448	463
448	463
447	462
447	462
447	462
448	463
681	464
681	464
681	464
681	464
681	464
681	464
681	464
681	464
681	464
681	464
681	464
681	464
681	464
681	464
681	464
681	464
681	464
681	464
681	464
681	464
87	465
87	465
87	465
87 88 	466
87	465
87	465
89 90	467
89	468
87	465
91 89	469
78 89	470
78 89	470
87	465
89 92	471
89 93	472
87	465
89	468
89 92	471
89	468
89	468
94 93	473
95 92	474
345	475
345	475
345	475
345	475
345	475
345	475
345	475
345	475
345	475
345	475
345	475
345	475
345	475
345	475
345	475
345	475
345	475
345	475
345	475
284	476
284	476
56 285	477
56 284 285	478
284	476
286 287	479
284	476
285	42
284	476
285	42
284	476
289	480
289	480
291 292	481
284	476
289	480
289	480
289 284	482
294 295	483
289	480
284	476
296 295	484
56 292	485
76	486
76	486
76	486
76	486
76	486
76	486
76	486
76	486
76	486
76 77	487
76	486
76	486
76	486
76	486
76	486
76	486
76	486
76 77	487
76	486
76	486
76	486
76	486
97	488
97	488
97	488
97	488
97	488
97	488
97	488
97	488
97	488
97	488
97	488
97	488
97	488
97	488
98	489
97	488
97	488
99	490
99	490
100	491
100	491
25	190
25	190
25	190
25	190
25	190
25	190
25	190
25	190
25	190
25	190
25	190
25	190
25	190
25	190
25	190
25	190
25	190
25	190
25	190
25	190
371	492
371	492
371	492
371	492
371	492
371	492
371	492
371	492
371	492
371	492
371	492
371	492
371	492
371	492
371	492
371	492
371	492
372	493
371	492
371	492
706	494
706	494
486	495
706	494
486	495
706	494
706	494
706	494
706	494
706	494
706	494
706	494
706	494
706	494
706	494
706	494
706	494
706	494
707	496
706	494
36	497
36	497
36	497
36	497
36	497
36	497
36	497
36	497
36	497
36	497
59	498
36	497
36	497
36	497
36	497
36	497
36	497
59	498
59	498
274	499
274	499
274	499
274	499
275	500
275	500
275	500
274	499
276	501
69 277	502
276	501
274	499
275	500
274	499
278	503
279	504
275	500
274	499
276 280	505
268 281	506
282 283	507
387	508
387	508
387	508
387	508
387	508
387	508
387	508
387	508
387	508
387	508
387	508
387	508
209	509
387	508
698	510
387	508
699	511
700	512
776	513
701	514
387	508
257	515
257	515
257	515
257	515
257	515
257	515
258	516
257	515
257	515
257	515
257	515
259	517
257	515
260	518
261	519
257	515
257	515
257	515
257	515
262	520
263	521
257	515
257	515
396	522
396	522
396	522
396	522
396	522
396	522
396	522
396	522
396	522
396	522
396	522
396	522
396	522
396	522
396	522
396	522
396	522
396	522
396	522
655	523
655	523
655	523
655	523
655	523
655	523
655	523
655	523
655	523
655	523
655	523
655	523
655	523
655	523
655	523
655	523
655	523
655	523
655	523
385 386	524
385 386	524
385 386 	525
385 386	524
385 386	524
385 386 386	526
385 388	527
385 178	528
385 178 386	529
385 386	524
385 386	524
385 389	530
385 389	530
385 386	524
385 386	524
385 386	524
385 390	531
385 386	524
385 386	524
391 386	532
392 386	533
385 386	524
384	534
384	534
384	534
384	534
384	534
384	534
384	534
384	534
384	534
384	534
384	534
384	534
384	534
384	534
384	534
384	534
384	534
384	534
653	535
654	536
654	536
654	536
654	536
654	536
654	536
654	536
654	536
654	536
654	536
654	536
654	536
654	536
654	536
654	536
654	536
654	536
654	536
654	536
92	537
92	537
92	537
92	537
92	537
92	537
92	537
92	537
92	537
92	537
92	537
624	538
92	537
625	539
92	537
92	537
626	540
92	537
92	537
92	537
92	537
151	541
151	541
151	541
151	541
151	541
151	541
151	541
151	541
151 152	542
152 152	543
152	544
151	541
151	541
151	541
151	541
151	541
152	544
151	541
151	541
152	544
152	544
151	541
152	544
152	544
604 605	545
604 605	545
604 605	545
605	546
604 605	545
605	546
605	546
605	546
604 605	545
605	546
605	546
605	546
604 605	545
604 605	545
604 605	545
604 605	545
604 605	545
604 605	545
605	546
604 605	545
604	547
606 604	548
606	138
605	546
397	549
397	549
397	549
398	550
397	549
397	549
397	549
397	549
397	549
397	549
397	549
397	549
397	549
397	549
397	549
397	549
397	549
397	549
397	549
101	551
101	551
101	551
101	551
101	551
102	552
101	551
101	551
103	553
101	551
103	553
101	551
103	553
101	551
101	551
103	553
101	551
104	554
105	555
103	553
105	555
105	555
101	551
106	556
107	557
357	558
357	558
357	558
357	558
357	558
357	558
357	558
357	558
357	558
357	558
357	558
357	558
357	558
357	558
357	558
357	558
357	558
357	558
357	558
135	559
135	559
135	559
135	559
135	559
135	559
135	559
135 135	560
135	559
135	559
135	559
135	559
135	559
135	559
135	559
135	559
135	559
135	559
135	559
135	559
135	559
135	559
199	561
199	561
200	562
201	563
199	561
199	561
199	561
199	561
199	561
202	564
203	565
199	561
199	561
203	565
199	561
203	565
199	561
203	565
203	565
204	566
203	565
203	565
199	561
203	565
203	565
507	567
507	567
508	568
507	567
507	567
507	567
507	567
298	569
509	313
507	567
507	567
507	567
510	570
511	571
512	312
510	570
507	567
507	567
507	567
507	567
510	570
510	570
507	567
513	572
507	567
514	573
639	574
639	574
639	574
639	574
639	574
639	574
639	574
639	574
639	574
639	574
639	574
639	574
639	574
639	574
639	574
639	574
639	574
639	574
639	574
688 243	575
688 243	575
689 243	576
688 243	575
688 243	575
688 243	575
688 243	575
688 21	577
688 243	575
688 243	575
688 243	575
690 245	578
688 243	575
688 243	575
688 243	575
688 244	579
688 243	575
688 243	575
691 243	580
688 243	575
688 245	581
243	582
504	583
504	583
504	583
504	583
504	583
504	583
504	583
504	583
504	583
504	583
504	583
504	583
504	583
504	583
504	583
504	583
504	583
17	584
504	583
598	585
598	585
598	585
598	585
598	585
598	585
598	585
598	585
598	585
598	585
599	586
598	585
600	587
598	585
598	585
600	587
598	585
598	585
601	588
598 602	589
603	590
603	590
676	591
676	591
676	591
676	591
676	591
676	591
676	591
676	591
676	591
676	591
676	591
676	591
676	591
676	591
676	591
676	591
676	591
676	591
676	591
588	592
588	592
588	592
588	592
588	592
588	592
588	592
588	592
588	592
588	592
588	592
588	592
588	592
588	592
588	592
588	592
588	592
588	592
770	593
530	594
530	594
530	594
530	594
530	594
530	594
530	594
530	594
530	594
530	594
530	594
530	594
530	594
530	594
530	594
530	594
530	594
530	594
530	594
527	595
527	595
527	595
527	595
527	595
527	595
527	595
527	595
528	596
527	595
527	595
527	595
527	595
527	595
527	595
527	595
527	595
527	595
527	595
14 15	597
16 14	598
14 15	597
14 15	597
14 15	597
14	599
14 14	600
14	599
14 15	597
14	599
14 15	597
14 15	597
14 15	597
14	599
14 15	597
14	599
14 15	597
14 15	597
14 15	597
14	599
14	599
237 238	601
237	108
237	108
237 238	601
237 238	601
237	108
237 238	601
237	108
237 238	601
237 238	601
237	108
237	108
237	108
237 238	601
237	108
237 238	601
237	108
237 238	601
237 238	601
237	108
237	108
189	424
189	424
189	424
189	424
189	424
189	424
189	424
189	424
190	425
190	425
190	425
189	424
190	425
190	425
190	425
189	424
189	424
189	424
190	425
190	425
47	602
47	602
47	602
47	602
47	602
47	602
47	602
47	602
47	602
47	602
336	603
47	602
337	78
47	602
47	602
337	78
337	78
47	602
338	604
337	78
339	605
300	606
300	606
300	606
300	606
300	606
300	606
300	606
300	606
301	607
300	606
302	608
300	606
302	608
300	606
302	608
76	486
300	606
300	606
76	486
76	486
355	609
355	609
355	609
355	609
355	609
355	609
355 355	610
355	609
355	609
355	609
355	609
355	609
355	609
355	609
355	609
355	609
355	609
355	609
356	611
356	611
23	612
23	612
23	612
23	612
23	612
23	612
23	612
23	612
23	612
23	612
23	612
23	612
23	612
23	612
23	612
23	612
23	612
23	612
23	612
146	613
146	613
147 148	614
146	613
147 148	614
146	613
147 148	614
146	613
149	615
146	613
146	613
146	613
146	613
146	613
146	613
146	613
146	613
146	613
146	613
757	616
146	613
348	617
348	617
348	617
348	617
348	617
348	617
348	617
348	617
348	617
348	617
348	617
348	617
348	617
348	617
348	617
348	617
348	617
348	617
348	617
1	618
1	618
1	618
1	618
1	618
1	618
1	618
1	618
1	618
1	618
1	618
1	618
1	618
1	618
1	618
1	618
1	618
256	619
256	619
205	620
205	620
205	620
205	620
205	620
205	620
205	620
205	620
205	620
205	620
205	620
209	509
209 208	621
210	622
211	623
205	620
209	509
209	509
205	620
205	620
759	624
209	509
209	509
205	620
209	509
213 214	625
350	626
350	626
350	626
350	626
350	626
351	627
350	626
352	628
350	626
351	627
352	628
350	626
352	628
350	626
350	626
350	626
350	626
763	629
350	626
351	627
350	626
350	626
350	626
350	626
350	626
552	630
552	630
552	630
553	631
552	630
552	630
554	632
555	633
555	633
552	630
555	633
556	634
552	630
552	630
552	630
552	630
552	630
552	630
552	630
552	630
449	635
449	635
449	635
450	636
449	635
449	635
449	635
449	635
451	637
450	636
452	638
449	635
453	639
449	635
449	635
452	638
449	635
449	635
452	638
452	638
346 346	640
346 346	640
346 346	640
346 346	640
346 346	640
346 346	640
346 346	640
346	641
346 346	640
346 346	640
346	641
346	641
346 346	640
346	641
346	641
346	641
346	641
346 346	640
346	641
346	641
631	642
631	642
631	642
631	642
631	642
631	642
631	642
631 631	643
631	642
631	642
632	644
631	642
632	644
631	642
631	642
631	642
631	642
631	642
631	642
631 631	643
633	645
176	646
176	646
176	646
176	646
176	646
176	646
176	646
176	646
176	646
176	646
176	646
176	646
176	646
176	646
176	646
176	646
176	646
176	646
176	646
501	647
501	647
501	647
501	647
501	647
501	647
501	647
501	647
501	647
501	647
501	647
501	647
501	647
501	647
501	647
501	647
501	647
501	647
501	647
191	648
192	649
193	650
758	651
191	648
191	648
194	652
195	653
195	653
196	654
195	653
194	652
191	648
197	655
197	655
198	656
191	648
195	653
193	650
191	648
195	653
195	653
229 230	657
231	109
229 230	657
229 230	657
231	109
229 230	657
229 230	657
231	109
231	109
229 230	657
229 230	657
229 230	657
229 230	657
229 230	657
229 230	657
229 230	657
231	109
229 230	657
231	109
231	109
229 230	657
231	109
231	109
502	658
502	658
502	658
502	658
502	658
502	658
502	658
502	658
502	658
503	659
502	658
19	228
502	658
502	658
502	658
502	658
502	658
502	658
502	658
502	658
377 188	660
377 378	661
377 378	661
333 379	662
377 378	661
377 188	660
19 188	663
377	664
377 378	661
333 379	662
377 378	661
764 188	665
380 381 382	666
383 384 	667
377 188	660
274 188	668
377 188	660
377 378	661
377 188	660
377 378	661
333 73 	669
377 188	660
377 188	660
383 188	670
383 188	670
297	671
297	671
297	671
297	671
297	671
297	671
297	671
297	671
297	671
297	671
297	671
297	671
297	671
297	671
297	671
297	671
297	671
297	671
297 297	672
297	671
297	671
250	673
250	673
250	673
172	674
728	675
250	673
250	673
250	673
250	673
729	676
730	677
250	673
250	673
730	677
250	673
779	678
250	673
250	673
730	677
731	679
732	680
250	673
250	673
250	673
172	674
250	673
250	673
250	673
250 54 254 479	681
250 177	682
250	673
733 389	683
734 735	684
250 50	685
250 50	685
250 50	685
250	673
250 54 254 479	681
54 244	686
456 177	687
732 8	688
32 30	689
32 30	689
32 30	689
32 30	689
32 30	689
32 38	690
32 30	689
32 30	689
219 36	691
219 221	692
219 222	693
32 30	689
32 223	694
219 30	695
219 224 36	696
32 38 54	697
219 225	698
220 226	699
220 227 226	700
228	701
656	702
656	702
656	702
656	702
656	702
656	702
656	702
656	702
656	702
656	702
656	702
656	702
656	702
656	702
656	702
658	703
656	702
656	702
656	702
656	702
96	704
96	704
96	704
96	704
96	704
96	704
96	704
96	704
96	704
96	704
96	704
96	704
96	704
96	704
96	704
96	704
96	704
96	704
96	704
335	705
335	705
335	705
335	705
335	705
335	705
335	705
335	705
335	705
335	705
335	705
335	705
335	705
335	705
335	705
335	705
335	705
335	705
335	705
470	299
470	299
470	299
470	299
471	706
470	299
470	299
470	299
472	707
473	708
473	708
474	709
470	299
307	710
470	299
768	711
168	712
475	713
476	714
477	715
128	716
128	716
128	716
128	716
128	716
128	716
128	716
128	716
128	716
128	716
128	716
128	716
128	716
128	716
128	716
128	716
128	716
128	716
128	716
60	717
60	717
60	717
61	718
60	717
61	718
60	717
62	719
63	720
64	721
65	722
66	723
60	717
62	719
61	718
751	724
60	717
67	725
67	725
67	725
67	725
67	725
752	726
68	727
60	717
694	728
694	728
694	728
695	729
694	728
696	730
694	728
696	730
694	728
696	730
694	728
695	729
694	728
696	730
697	731
694	728
694	728
696	730
774	732
694	728
696	730
775	733
694	728
694	728
694	728
694	728
696	730
694	728
697	731
141	734
141	734
141	734
141	734
141	734
141	734
141	734
141	734
141	734
143 141	735
141	734
143 141	735
141	734
141	734
141	734
141	734
141	734
141	734
141	734
145 141	736
141	734
353 354	737
353	459
353 354	737
353 354	737
353 354	737
353 354	737
353 354	737
353 354	737
353 354	737
353 354	737
353 354	737
353 354	737
353 354	737
353 354	737
353 354	737
353 354	737
353 354	737
354	738
145 354	739
131	740
131	740
131	740
131	740
131	740
131	740
131	740
131	740
131	740
131	740
131	740
131	740
131	740
131	740
131	740
131	740
131	740
131	740
131	740
518	741
518	741
518	741
518	741
518	741
518	741
518	741
518	741
518	741
518	741
518	741
518	741
518	741
518	741
518	741
518	741
518	741
518	741
518	741
518	741
518	741
518	741
518	741
518	741
518	741
202 519	742
518	741
518	741
150	743
595	744
150	743
150	743
595	744
150	743
150	743
595	744
150	743
595	744
150	743
595	744
150	743
595	744
150	743
595	744
595	744
150	743
150	743
595	744
150	743
150	743
595	744
150	743
595	744
150	743
595	744
150	743
595	744
150	743
150	743
595	744
150	743
595	744
595	744
1	618
1	618
1	618
2 1	745
2	746
2 1	745
1	618
1	618
2	746
1	618
2 1	745
6 7	747
2	746
1	618
1	618
749	748
750	749
2	746
1	618
6	426
1	618
2 1	745
1	618
1	618
520	750
520	750
520	750
520	750
520	750
520	750
520	750
520	750
521	751
522	752
520	750
520	750
520	750
520	750
521	751
521	751
520	750
521	751
521	751
333	753
333	753
333	753
333	753
333	753
333	753
333	753
333	753
333	753
334	754
333	753
333	753
333	753
333	753
333	753
333	753
333	753
333	753
333	753
188	755
188	755
188	755
188	755
188	755
188	755
188	755
188	755
188	755
188	755
188	755
188	755
188	755
188	755
188	755
188	755
188	755
188	755
188	755
303 30	756
303 30	756
303 30	756
303 30	756
303 30	756
304	757
303 30	756
303 30	756
303 36	758
303 305	759
303 306	760
303 30	756
303 304	761
303 30	756
303 307 170	762
303 224 36	763
303 760 761 762	764
303 225	765
308 40	766
308 40 227 308	767
309 227 308	768
310	769
157	770
157	770
157	770
157	770
157	770
158	771
157	770
158	771
159 160	772
157	770
157	770
157	770
157	770
157	770
157	770
157	770
157	770
161	773
157	770
162 163	774
162 163	774
164	775
162 163	774
162 163	774
165 166	776
164	775
164	775
162 163	774
162 163	774
164	775
167 168	777
162 163	774
163	778
169	779
162 170	780
171	781
162 163	774
172	674
162 174	782
162 175	783
183 50	784
183 50	784
183	785
183 478	786
183 50	784
183 50	784
183 3	787
167 481	788
183	785
183 650 723	789
183 177	790
183 177	790
183 481	791
724 725	792
183 50	784
167 184	793
183 50	784
183 50	784
777	794
183 778	795
726 623	796
186 727	797
21 579	798
69	799
69	799
69	799
69	799
69	799
69	799
69	799
69	799
69	799
69	799
69	799
69	799
69	799
69	799
69	799
69	799
69	799
69	799
69	799
69	799
182	800
182	800
182	800
182	800
182	800
182	800
183 54	801
183 54	801
183 54	801
164 36	802
167 168 59	803
182	800
167 184 54	804
182	800
183 54	801
185 36	805
183 54	801
182	800
186 187	806
186 59	807
164 36	802
692	808
692	808
692	808
692	808
692	808
692	808
692	808
692	808
692	808
693	809
693	809
692	808
692	808
692	808
693	809
692	808
692	808
693	809
692	808
693	809
24	810
25 26	811
27 28	812
25 29 	813
24	810
25 26	811
25 26	811
27 28	812
26 29	814
31 32 33	815
34 35 36	816
25 26	811
25 29	817
37	818
25 26	811
25 39	819
37 36	820
40 41 26	821
25 42	822
24	810
43 44	823
45 46 40	824
26 26 	825
43 44	823
24	810
25 26	811
25 26	811
25 26	811
24	810
25 47	826
25 48	827
25 26	811
49 50	828
51	829
597	830
597	830
597	830
597	830
597	830
597	830
597	830
597	830
597	830
597	830
597	830
597	830
597	830
597	830
597	830
597	830
597	830
597	830
597	830
541 265	831
541 265	831
541	832
541 265	831
541 265	831
541	832
541 265	831
541 265	831
541 265	831
395 542	833
541 265	831
543 544	834
395 545	835
541 265	831
395 75 	836
395 75	837
541 265	831
541 546	838
395 546	839
395 75	837
543 547 	840
541	832
395	841
541	832
37 36	820
29	444
37 36	820
37 36	820
37 36	820
37 36	820
37 36	820
37	818
37 36	820
37	818
37 36	820
25 36 44	842
37 36	820
37	818
37 36 40	843
37 44	844
746  36	845
37 36	820
37 36	820
715	450
37	818
747 29 59	846
748 51 59	847
129 130	848
129 130	848
131 130 	849
130	850
129 130	848
129 130	848
129 130	848
131 130	851
129 130	848
129 130	848
131 130	851
131 130	851
129 130	848
131 130	851
129 130	848
129 130	848
129 130	848
131 130	851
129 130	848
131 130	851
129 130	848
131 130	851
131 130	851
548	852
548	852
548	852
548	852
548	852
548	852
548	852
548	852
548	852
548	852
548	852
548	852
548	852
548	852
548	852
548	852
548	852
548	852
548 549	853
739	854
739	854
739	854
739	854
739	854
739	854
739	854
739	854
739	854
739	854
739	854
739	854
739	854
739	854
739	854
739	854
741	855
739	854
739	854
742	856
741	855
741	855
291	857
291	857
291	857
291	857
291	857
291	857
291	857
291	857
291	857
291	857
291	857
291	857
291	857
291	857
291	857
291	857
291	857
291	857
291	857
737	858
737	858
737	858
737	858
737	858
737	858
737	858
737	858
737	858
738	859
737	858
737	858
737	858
737	858
737	858
737	858
737	858
738	859
738	859
738	859
