Word without borrowing2	Full COGID
1	1
1	1
1	1
2 1	2
2	3
2 1	2
1	1
1	1
2	3
1	1
2 1	2
6 7	4
1	1
1	1
749	5
750	6
2	3
1	1
6	7
1	1
2 1	2
9	8
9	8
9	8
9	8
9	8
9	8
9	8
10	9
9	8
9	8
9	8
11	10
9	8
9	8
9	8
9	8
12	11
13	12
9	8
9	8
14 15	13
16 14	14
14 15	13
14 15	13
14	15
14 14	16
14	15
14 15	13
14	15
14	15
14	15
18 19	17
18 19	17
18 19	17
18 19	17
18	18
18	18
19	19
18	18
18 19	17
19	19
18	18
20	20
20	20
19	19
18	18
23	21
23	21
23	21
23	21
23	21
23	21
23	21
23	21
23	21
23	21
23	21
23	21
23	21
24	22
25 26	23
27 28	24
25 29 	25
24	22
25 26	23
27 28	24
26 29	26
31 32 33	27
34 35 36	28
25 26	23
25 29	29
37	30
25 26	23
25 39	31
40 41 26	32
25 42	33
24	22
24	22
25 26	23
25 26	23
25 26	23
24	22
52 53	34
52 53	34
52 53	34
52 53	34
52 53	34
52 53	34
52 53	34
52 53	34
52 53	34
52 53	34
52 53	34
52 53	34
52 53	34
52 53	34
52 53	34
52 53	34
57	35
57	35
57	35
57	35
57	35
57	35
57	35
57	35
57	35
57	35
58	36
57	35
57	35
36	37
36	37
36	37
36	37
36	37
36	37
36	37
36	37
36	37
36	37
36	37
36	37
36	37
60	38
60	38
60	38
61	39
60	38
61	39
60	38
62	40
63	41
64	42
65	43
66	44
62	40
61	39
751	45
67	46
67	46
69	47
69	47
69	47
69	47
69	47
69	47
69	47
69	47
69	47
69	47
69	47
69	47
69	47
69	47
69	47
70	48
70	48
70	48
70	48
71 70	49
70	48
70	48
70	48
70	48
70	48
70 72 73	50
70	48
70	48
70 71	51
70	48
70	48
70	48
76	52
76	52
76	52
76	52
76	52
76	52
76	52
76	52
76	52
76	52
76	52
76	52
76	52
76	52
76	52
76	52
76 77	53
76	52
82	54
82	54
82	54
82	54
82	54
82	54
82	54
82	54
82	54
82	54
82	54
82	54
83 82	55
85	56
82	54
82	54
82	54
82	54
87	57
87	57
87	57
87 88 	58
87	57
87	57
89 90	59
89	60
87	57
91 89	61
78 89	62
87	57
89 93	63
87	57
89	60
89 92	64
89	60
89	60
96	65
96	65
96	65
96	65
96	65
96	65
96	65
96	65
96	65
96	65
96	65
96	65
96	65
96	65
96	65
96	65
96	65
97	66
97	66
97	66
97	66
97	66
97	66
97	66
97	66
97	66
97	66
97	66
97	66
97	66
97	66
98	67
97	66
101	68
101	68
101	68
101	68
101	68
102	69
101	68
101	68
103	70
101	68
103	70
101	68
103	70
101	68
101	68
101	68
104	71
105	72
103	70
105	72
105	72
101	68
108	73
108	73
108	73
108	73
108	73
108	73
108	73
108	73
108	73
108	73
108	73
108	73
108	73
108	73
108	73
108	73
108	73
109	74
109	74
109	74
109	74
109	74
109	74
109	74
109	74
109	74
109	74
109	74
109	74
109	74
109	74
109	74
16	75
16	75
16	75
16	75
16	75
16	75
16	75
16	75
16	75
16	75
16	75
110 111	76
110 111	76
110 111	76
110 111	76
110 111	76
112 113 114	77
110 111	76
119 118	78
115 121	79
110 111	76
123 124	80
125	81
126	82
33 33	83
125	81
125	81
125	81
123 124	80
125 125	84
125	81
125 125	84
125	81
125	81
125 26	85
125	81
125 127	86
125 124	87
128	88
128	88
128	88
128	88
128	88
128	88
128	88
128	88
128	88
128	88
128	88
128	88
128	88
128	88
128	88
128	88
128	88
129 130	89
129 130	89
131 130 	90
130	91
129 130	89
129 130	89
129 130	89
131 130	92
129 130	89
129 130	89
131 130	92
131 130	92
129 130	89
131 130	92
129 130	89
129 130	89
129 130	89
131 130	92
129 130	89
131 130	92
129 130	89
132	93
132	93
132	93
132	93
132	93
132	93
132	93
133	94
132	93
132	93
132	93
132	93
132	93
132	93
132	93
132	93
132	93
132	93
135	95
135	95
135	95
135	95
135	95
135	95
135	95
135 135	96
135	95
135	95
135	95
135	95
135	95
135	95
135	95
135	95
135	95
135	95
135	95
135	95
137	97
137	97
137	97
137	97
137	97
137	97
137	97
137	97
137	97
137	97
137	97
137	97
137	97
137	97
137	97
137	97
137	97
138	98
138	98
138	98
138	98
138	98
138	98
138	98
138	98
138	98
138	98
138	98
138	98
138	98
138	98
138	98
138	98
138	98
139	99
139	99
139	99
139	99
139	99
139	99
140	100
139	99
139	99
139	99
139	99
139	99
139	99
139	99
139	99
139	99
139	99
141	101
141	101
141	101
141	101
141	101
141	101
141	101
141	101
141	101
143 141	102
141	101
141	101
141	101
141	101
141	101
141	101
141	101
141	101
146	103
146	103
147 148	104
146	103
146	103
147 148	104
146	103
149	105
146	103
146	103
146	103
146	103
146	103
146	103
146	103
146	103
146	103
146	103
151	106
151	106
151	106
151	106
151	106
151	106
151	106
152 152	107
152	108
151	106
151	106
151	106
151	106
151	106
152	108
151	106
151	106
152	108
152	108
151	106
153	109
153	109
153	109
153	109
153	109
153	109
153	109
153	109
153	109
153	109
153	109
153	109
153	109
153	109
153	109
153	109
153	109
153	109
153	109
157	110
157	110
157	110
157	110
157	110
158	111
157	110
158	111
159 160	112
157	110
157	110
157	110
157	110
157	110
157	110
157	110
157	110
162 163	113
162 163	113
164	114
162 163	113
162 163	113
165 166	115
164	114
164	114
162 163	113
162 163	113
164	114
167 168	116
162 163	113
163	117
169	118
162 170	119
171	120
162 163	113
172	121
176	122
176	122
176	122
176	122
176	122
176	122
176	122
176	122
176	122
176	122
176	122
176	122
176	122
176	122
176	122
176	122
176	122
178	123
178	123
178	123
178	123
178	123
178	123
178	123
178	123
178	123
178	123
178	123
178	123
178	123
178	123
178	123
178	123
178	123
178	123
131	124
131	124
131	124
131	124
131	124
131	124
131	124
131	124
131	124
131	124
131	124
131	124
131	124
131	124
131	124
131	124
131 14	125
131 14	125
131 14	125
131 14	125
131 14	125
131 14	125
131 14	125
131 14	125
131 14	125
131 14	125
131 14	125
131 14	125
131 14	125
131 14	125
131 14	125
131 14	125
180	126
180	126
180	126
180	126
180	126
180	126
180	126
180	126
180	126
180	126
180	126
180	126
180	126
180	126
180	126
180	126
180	126
180	126
180	126
180	126
180	126
180	126
180	126
180	126
180	126
181	127
180	126
180	126
180	126
180	126
182	128
182	128
182	128
182	128
182	128
182	128
183 54	129
183 54	129
164 36	130
182	128
182	128
185 36	131
182	128
188	132
188	132
188	132
188	132
188	132
188	132
188	132
188	132
188	132
188	132
188	132
188	132
188	132
188	132
188	132
188	132
188	132
188 111	133
188 111	133
188 111	133
188 111	133
188 111	133
188 111	133
188 111	133
188 111	133
189	134
189	134
189	134
189	134
189	134
189	134
189	134
190	135
190	135
190	135
189	134
190	135
190	135
190	135
189	134
189	134
189	134
191	136
192	137
758	138
191	136
191	136
194	139
195	140
195	140
196	141
195	140
194	139
191	136
197	142
197	142
198	143
195	140
193	144
199	145
199	145
200	146
201	147
199	145
199	145
199	145
199	145
202	148
199	145
199	145
203	149
199	145
203	149
199	145
203	149
204	150
203	149
203	149
199	145
205	151
205	151
205	151
205	151
205	151
205	151
205	151
205	151
205	151
205	151
205	151
210	152
211	153
205	151
209	154
209	154
205	151
205	151
759	155
209	154
209	154
205	151
215	156
215	156
215	156
215	156
215	156
215	156
215	156
215	156
215	156
215	156
215	156
215	156
216	157
217 218 55	158
215	156
215	156
215	156
215	156
215	156
218	159
218	159
218	159
218	159
218	159
218	159
218	159
218	159
218	159
218	159
218	159
218	159
218	159
218	159
218	159
218	159
32	160
32	160
32	160
32	160
32	160
32	160
32	160
32	160
219	161
219	161
219	161
32	160
32	160
219	161
219	161
32	160
219	161
32 30	162
32 30	162
32 30	162
32 30	162
32 30	162
32 38	163
32 30	162
32 30	162
219 221	164
219 222	165
32 30	162
32 223	166
219 30	167
219 224 36	168
32 38 54	169
219 225	170
229 230	171
231	172
229 230	171
229 230	171
231	172
229 230	171
229 230	171
231	172
231	172
229 230	171
229 230	171
229 230	171
229 230	171
229 230	171
229 230	171
229 230	171
231	172
229 230	171
231	172
231	172
229 230	171
234	173
234	173
234	173
234	173
234	173
189	134
189	134
189	134
234	173
234	173
189	134
190	135
234	173
234	173
6	7
234	173
189	134
190	135
234	173
236	174
234	173
234	173
234	173
237	175
237	175
237	175
237	175
237	175
237	175
237	175
237	175
237	175
237	175
237	175
237	175
237	175
237	175
237	175
237	175
237 238	176
237	175
237	175
237	175
237 238	176
237	175
237 238	176
237 238	176
237	175
237	175
237	175
237 238	176
237	175
237 238	176
237	175
237 238	176
237 238	176
242 243	177
242 243	177
242 243	177
242 243	177
242 243	177
242 244	178
242 243	177
242 243	177
242 243	177
242 245	179
242 243	177
242 243	177
242	180
242 243	177
242 243	177
78	181
78	181
78	181
78	181
78	181
247	182
78	181
248	183
78	181
78	181
78	181
78	181
78	181
78	181
247 249	184
78	181
78	181
78	181
78	181
78	181
78 251	185
78 251	185
78 251	185
78 251	185
78 251	185
78 251	185
78 251	185
78 251	185
78 252	186
78 251	185
78 251	185
78 251	185
78 251	185
78 251	185
78 251	185
78 252	186
78 251	185
253 254	187
253 254	187
253 254	187
253 254	187
253 254	187
254	188
253 254	187
254	188
253 254	187
254	188
254	188
253 254	187
254	188
253 254	187
254 14	189
253 254	187
253 254	187
253 254	187
253 254	187
254	188
253 254	187
253 254	187
253 254	187
253 254	187
1	1
1	1
1	1
1	1
1	1
1	1
1	1
1	1
1	1
1	1
1	1
1	1
1	1
1	1
1	1
1	1
1	1
257	190
257	190
257	190
257	190
257	190
257	190
258	191
257	190
257	190
257	190
257	190
259	192
257	190
260	193
261	194
257	190
257	190
257	190
257	190
264	195
264	195
264	195
264	195
264	195
264	195
264	195
264	195
264	195
265	196
266 266	197
264	195
264	195
264	195
264	195
264	195
266	198
264	195
269	199
269	199
269	199
269	199
269	199
269	199
270	200
271	201
269	199
269	199
272	202
269	199
269	199
269	199
269	199
269	199
274	203
274	203
274	203
274	203
275	204
275	204
275	204
274	203
276	205
69 277	206
276	205
274	203
275	204
274	203
278	207
279	208
275	204
274	203
284	209
284	209
56 285	210
56 284 285	211
284	209
286 287	212
284	209
285	213
284	209
285	213
284	209
289	214
289	214
289	214
289 284	215
294 295	216
289	214
284	209
297	217
297	217
297	217
297	217
297	217
297	217
297	217
297	217
297	217
297	217
297	217
297	217
297	217
300	218
300	218
300	218
300	218
300	218
300	218
300	218
300	218
301	219
300	218
302	220
300	218
302	220
300	218
302	220
76	52
300	218
300	218
303	221
303	221
303	221
303	221
303	221
303	221
303	221
303	221
303	221
303	221
303	221
303 30	222
303 30	222
303 30	222
303 30	222
303 30	222
304	223
303 30	222
303 30	222
303 36	224
303 760 761 762	225
303 225	226
311	227
311	227
311	227
311	227
311	227
311	227
311	227
311	227
311	227
311	227
311	227
311	227
311	227
311	227
311	227
311	227
311	227
312	228
312	228
312	228
312	228
312	228
312	228
312	228
312	228
316	229
312	228
317 318	230
312	228
320 321	231
322 85 323	232
324 85 321	233
320	234
320 321	231
320	234
320 321 93	235
324 326 321	236
266 320 	237
266 328 	238
266 329 	239
320	234
320 321	231
320  93	240
 320 93	241
320	234
320	234
333	242
333	242
333	242
333	242
333	242
333	242
333	242
333	242
333	242
334	243
333	242
333	242
333	242
333	242
333	242
333	242
333	242
335	244
335	244
335	244
335	244
335	244
335	244
335	244
335	244
335	244
335	244
335	244
335	244
335	244
335	244
335	244
335	244
335	244
47	245
47	245
47	245
47	245
47	245
47	245
47	245
47	245
47	245
47	245
47	245
337	246
47	245
47	245
337	246
337	246
47	245
340	247
340	247
341	248
340	247
340	247
340	247
340	247
340	247
340	247
340	247
340	247
340	247
340	247
340	247
340	247
340	247
340	247
340	247
342	249
342	249
342	249
342	249
342	249
342	249
342	249
342	249
342	249
342	249
342	249
342	249
342	249
342	249
342	249
342	249
342	249
342 343	250
342 343	250
342 343	250
342 343	250
342 343	250
342 343	250
342	249
342 343	250
342 343	250
342 343	250
342 343	250
342 343	250
344 342	251
342 343	250
342 343	250
342 343	250
345	252
345	252
345	252
345	252
345	252
345	252
345	252
345	252
345	252
345	252
345	252
345	252
345	252
345	252
345	252
345	252
345	252
346 346	253
346 346	253
346 346	253
346 346	253
346 346	253
346 346	253
346	254
346 346	253
346	254
346	254
346	254
346	254
346 346	253
348	255
348	255
348	255
348	255
348	255
348	255
348	255
348	255
348	255
348	255
348	255
348	255
348	255
348	255
348	255
348	255
348	255
349	256
349	256
349	256
349	256
349	256
349	256
349	256
349	256
349	256
349	256
349	256
349	256
349	256
349	256
349	256
349	256
349	256
350	257
350	257
350	257
350	257
351	258
350	257
352	259
351	258
350	257
352	259
350	257
350	257
350	257
350	257
763	260
350	257
351	258
350	257
350	257
350	257
353 354	261
353	262
353 354	261
353 354	261
353 354	261
353 354	261
353 354	261
353 354	261
353 354	261
353 354	261
353 354	261
353 354	261
353 354	261
353 354	261
353 354	261
355	263
355	263
355	263
355	263
355	263
355	263
355 355	264
355	263
355	263
355	263
355	263
355	263
355	263
355	263
355	263
355	263
355	263
355	263
357	265
357	265
357	265
357	265
357	265
357	265
357	265
357	265
357	265
357	265
357	265
357	265
357	265
357	265
357	265
357	265
357	265
359 360	266
359 360	266
359	267
359 360	266
359 360	266
359	267
359	267
359 360	266
359 360	266
359 362 363	268
359 364 363	269
359 363	270
359 360	266
359 363	270
359 360	266
359 360	266
366	271
366	271
366	271
366	271
366	271
366	271
366	271
366	271
366	271
366	271
366	271
367	272
366	271
368	273
366	271
366	271
369	274
369	274
369	274
369	274
369	274
  369 369	275
369	274
369	274
369	274
369	274
369	274
369	274
369	274
369	274
369	274
369	274
371	276
371	276
371	276
371	276
371	276
371	276
371	276
371	276
371	276
371	276
371	276
371	276
371	276
371	276
371	276
371	276
371	276
373 374	277
373 374	277
375 376	278
373 374	277
373 374	277
373 374	277
373 374	277
373 374	277
373 374	277
373 374	277
373 374	277
377 188	279
377 378	280
377 378	280
333 379	281
377 378	280
377 188	279
19 188	282
377	283
377 378	280
333 379	281
377 378	280
764 188	284
380 381 382	285
377 188	279
274 188	286
377 188	279
377 378	280
377 188	279
333 73 	287
377 188	279
377 188	279
385 386	288
385 386	288
385 386 	289
385 386	288
385 386	288
385 386 386	290
385 388	291
385 178	292
385 178 386	293
385 386	288
385 386	288
385 389	294
385 386	288
385 386	288
385 386	288
385 390	295
385 386	288
385 386	288
393	296
393	296
393	296
393	296
393	296
393	296
393	296
393	296
393	296
393	296
393	296
393	296
393	296
393	296
394 252	297
394 252	297
394 252	297
252	298
394 252	297
394 252	297
252	298
394 252	297
394 252	297
394 252	297
252	298
394 252	297
252	298
394 252	297
252	298
394 252	297
394 252	297
394 252	297
394 252	297
252	298
394 252	297
396	299
396	299
396	299
396	299
396	299
396	299
396	299
396	299
396	299
396	299
396	299
396	299
396	299
396	299
396	299
396	299
396	299
397	300
397	300
397	300
398	301
397	300
397	300
397	300
397	300
397	300
397	300
397	300
397	300
397	300
397	300
397	300
397	300
400	302
400	302
400	302
400	302
400	302
400	302
400	302
400	302
400	302
400	302
400	302
400	302
400	302
400	302
400	302
400	302
401 402	303
401 402	303
401 402	303
401 402	303
401 402	303
401 403	304
401 402	303
401 402	303
401 402	303
401 404	305
401 404	305
401 402	303
401 404	305
401 404	305
405	306
405	306
405	306
405	306
405	306
405	306
405	306
405	306
405	306
405	306
405	306
405	306
405	306
405	306
405	306
405	306
405	306
407	307
407	307
407	307
407	307
407	307
407	307
407	307
407	307
407	307
408	308
347	309
407	307
407	307
407	307
407	307
407	307
407	307
410	310
410	310
411 412	311
410	310
410	310
410	310
410	310
410	310
413 414	312
415 416	313
410	310
417 765	314
418 419	315
420 421	316
410	310
413 414	312
766 422	317
410	310
423 424	318
767	319
425 421	320
430 431	321
430 431	321
432	322
432 38	323
430 431	321
430 431	321
430 186	324
430 433	325
434 54	326
432 435	327
430 433	325
436 437	328
438 439	329
440 250	330
430 431	321
441 435	331
430 433	325
442 443	332
444 433	333
447	334
447	334
447	334
447	334
447	334
447	334
447	334
447	334
448	335
448	335
448	335
447	334
448	335
448	335
448	335
447	334
447	334
449	336
449	336
449	336
449	336
449	336
449	336
449	336
451	337
450	338
453	339
449	336
449	336
452	340
449	336
449	336
454 36	341
79	342
455 456	343
457 458 	344
459	345
455 456	343
461	346
455 456	343
461	346
461	346
31 32 462	347
463 36	348
37 464	349
465 142 36	350
463	351
455 456	343
37 466	352
463 36	348
463 36	348
79	342
455 456	343
467	353
463 36	348
79	342
463 44	354
79	342
79	342
79	342
468 469	355
470	356
470	356
470	356
470	356
471	357
470	356
470	356
470	356
472	358
473	359
473	359
474	360
470	356
307	361
470	356
768	362
168	363
470 50	364
470 50	364
470 478	365
470	356
470 50	364
470 50	364
470 50	364
470	356
470	356
470 435 254 479	366
470 480	367
472 481	368
473 481	369
473 50	370
474 482	371
470 483 50 56	372
307 482	373
470	356
470 435 254 479	366
168 244	374
485 486	375
485 486	375
485 486	375
485 486	375
485 486	375
485 486	375
487	376
488 246	377
485 486	375
488 246	377
488 246	377
488 246	377
485 486	375
488 246	377
488 246	377
488 246	377
485 486	375
494 495	378
494 495	378
494 495	378
496	379
494 495	378
496	379
496	379
496	379
496	379
497 16	380
496	379
496	379
499 496	381
500	382
501	383
501	383
501	383
501	383
501	383
501	383
501	383
501	383
501	383
501	383
501	383
501	383
501	383
501	383
501	383
501	383
501	383
502	384
502	384
502	384
502	384
502	384
502	384
502	384
502	384
502	384
503	385
502	384
502	384
502	384
502	384
502	384
502	384
502	384
504	386
504	386
504	386
504	386
504	386
504	386
504	386
504	386
504	386
504	386
504	386
504	386
504	386
504	386
504	386
504	386
504	386
506	387
506	387
506	387
506	387
506	387
506	387
506	387
506	387
506	387
506	387
506	387
506	387
506	387
506	387
506	387
506	387
506	387
508	388
298	389
510	390
511	391
512	392
510	390
510	390
510	390
515	393
516 515	394
516 515	394
515	393
515	393
515	393
515	393
515	393
515	393
518	395
518	395
518	395
518	395
518	395
518	395
518	395
518	395
518	395
518	395
518	395
518	395
518	395
518	395
518	395
518	395
518	395
518	395
518	395
518	395
518	395
518	395
518	395
518	395
518	395
520	396
520	396
520	396
520	396
520	396
520	396
520	396
520	396
521	397
522	398
520	396
520	396
520	396
521	397
521	397
520	396
523	399
523	399
523	399
523	399
523	399
523	399
523	399
353	262
523	399
523	399
523	399
523	399
523	399
523	399
523	399
523	399
523	399
523	399
524 386	400
524 386	400
524 386 	401
524 386	400
524 386	400
524 386	400
524 178	402
524 178 386	403
524 386	400
525 389	404
524 386 	401
524 386	400
524 386	400
527	405
527	405
527	405
527	405
527	405
527	405
527	405
527	405
527	405
527	405
529	406
529	406
529	406
529	406
529	406
529	406
529	406
529	406
529	406
267 529	407
267 529	407
529	406
529	406
529	406
529	406
529	406
529	406
530	408
530	408
530	408
530	408
530	408
530	408
530	408
530	408
530	408
530	408
530	408
530	408
530	408
530	408
530	408
530	408
530	408
531 253	409
531 253	409
253	410
533	411
531	412
531 253	409
533 531	413
426 426	414
426	415
533	411
533 531	413
533 531	413
531 253	409
533 531	413
534 531	416
533 531	413
533	411
531 253	409
533 531	413
531	412
533 531	413
533 531	413
537	417
537	417
537	417
538	418
537	417
537	417
537	417
537	417
537	417
539	419
539	419
539	419
539	419
540	420
537	417
540	420
541 265	421
541 265	421
541	422
541 265	421
541 265	421
541	422
541 265	421
541 265	421
541 265	421
541 265	421
543 544	423
395 545	424
541 265	421
541 546	425
395 546	426
395 75	427
543 547 	428
541	422
548	429
548	429
548	429
548	429
548	429
548	429
548	429
548	429
548	429
548	429
548	429
548	429
548	429
548	429
548	429
548	429
550	430
550	430
550	430
550	430
550	430
550	430
550	430
550	430
550	430
550	430
550	430
550	430
550	430
550	430
769	431
550	430
550	430
552	432
552	432
552	432
553	433
552	432
552	432
554	434
555	435
555	435
555	435
556	436
552	432
552	432
552	432
552	432
552	432
552	432
112	437
112	437
112	437
560 559	438
563 564	439
112 277 112	440
112	437
565 112	441
112 567	442
568 137	443
391	444
391	444
391	444
391	444
391	444
391	444
391	444
569	445
570	446
569	445
571	447
569	445
570	446
569	445
570	446
216	157
569	445
570	446
570	446
572	448
572	448
570	446
572	448
570	446
572	448
569	445
573	449
570	446
569	445
570	446
577	450
577	450
577	450
577	450
577	450
578	451
579	452
577	450
579	452
577	450
579	452
577	450
579	452
578	451
580	453
581	454
577	450
582	455
578	451
579	452
579	452
584 175	456
584 175	456
584 175	456
584 175	456
584 175	456
584 175	456
584 175	456
584 175	456
584 175	456
585 586	457
584 175	456
584 175	456
267	458
267	458
267	458
267	458
267	458
267	458
267	458
267 14	459
267	458
267	458
267 14	459
267	458
267	458
267	458
267	458
267	458
267	458
588	460
588	460
588	460
588	460
588	460
588	460
588	460
588	460
588	460
588	460
588	460
588	460
588	460
588	460
588	460
588	460
588	460
589	461
589	461
589	461
589	461
589	461
589	461
589	461
589	461
589	461
589	461
589	461
589	461
589	461
589	461
589	461
589	461
591	462
591	462
591	462
591	462
591	462
591	462
591	462
591	462
591	462
593	463
593 594	464
593 594	464
593 594	464
593	463
593 594	464
593	463
593 594	464
593 594	464
593	463
593	463
150	465
595	466
150	465
150	465
595	466
150	465
150	465
595	466
150	465
595	466
595	466
150	465
595	466
595	466
150	465
595	466
150	465
595	466
595	466
595	466
150	465
150	465
596	467
596	467
596	467
596	467
596	467
596	467
596	467
596	467
596	467
596	467
597	468
597	468
597	468
597	468
597	468
597	468
597	468
597	468
597	468
597	468
598	469
598	469
598	469
598	469
598	469
598	469
598	469
598	469
598	469
599	470
600	471
600	471
598	469
598	469
601	472
604 605	473
604 605	473
604 605	473
605	474
604 605	473
605	474
605	474
605	474
604 605	473
605	474
605	474
605	474
604 605	473
605	474
462 462	475
607	476
462	477
608	478
607 609	479
608	478
607	476
607 609	479
462 462	475
25	480
607	476
607 609	479
462	477
610	481
462 462	475
608	478
607 609	479
462 462	475
607 609	479
608 608	482
232	483
462	477
232 232	484
232 25 467	485
232	483
232 25 467	485
459	345
771	486
607	476
560	487
560	487
560	487
560	487
560	487
560	487
560	487
560	487
560	487
613	488
560	487
560	487
560	487
560	487
560	487
560	487
615	489
615	489
615	489
615	489
615	489
616	490
616	490
615	489
615	489
615	489
615	489
615	489
615	489
615	489
615	489
615	489
615	489
617	491
617	491
617	491
617	491
617	491
617	491
617	491
772	492
618	493
619	494
179	495
512 620	496
179	495
773	497
92	498
92	498
92	498
92	498
92	498
92	498
92	498
92	498
92	498
92	498
92	498
624	499
92	498
625	500
92	498
92	498
626	501
92	498
92	498
627	502
627	502
627	502
627	502
627	502
627	502
627	502
627	502
627	502
627	502
627	502
627	502
627	502
627	502
627	502
93	503
93	503
93	503
93	503
93	503
93	503
93	503
93	503
93	503
93	503
93	503
93	503
93	503
93	503
93	503
93	503
93	503
93	503
93	503
632	504
632	504
634	505
47 634	506
47 635	507
634	505
634	505
634	505
634	505
634	505
47 31 31	508
31 31	509
31	510
31 31	509
31	510
634	505
47 36	511
637 637	512
337	246
634	505
638 337 	513
337  636	514
634	505
337 638 	515
337 36 	516
337 54 	517
634	505
639	518
639	518
639	518
639	518
639	518
639	518
639	518
639	518
639	518
639	518
639	518
639	518
639	518
639	518
639	518
639	518
639	518
640	519
640	519
8 641	520
97 642	521
640	519
97 643	522
640	519
640	519
640	519
640	519
640	519
640	519
640	519
640	519
640	519
640	519
640	519
640	519
644	523
644	523
644	523
644	523
644	523
644	523
644	523
644	523
539	419
645	524
645	524
539	419
644	523
539	419
644	523
540	420
644	523
606	525
648	526
648	526
648	526
648	526
648	526
648	526
648	526
648	526
481	527
649	528
650	529
651	530
650	529
648	526
384	531
384	531
384	531
384	531
384	531
384	531
384	531
384	531
384	531
384	531
654	532
654	532
654	532
654	532
654	532
654	532
654	532
654	532
654	532
285	213
285	213
285	213
285	213
285	213
285	213
285	213
285	213
285	213
285	213
285	213
285	213
285	213
285	213
285	213
285	213
655	533
655	533
655	533
655	533
655	533
655	533
655	533
655	533
655	533
655	533
655	533
655	533
655	533
655	533
655	533
655	533
655	533
656	534
656	534
656	534
656	534
656	534
656	534
656	534
656	534
656	534
656	534
656	534
656	534
656	534
658	535
656	534
196 191	536
196 191	536
196 191	536
659 319	537
660 319	538
196 191	536
196 191	536
659 319	537
196 191	536
661 319	539
196 191	536
660 319	538
660 319	538
196 191	536
191 319	540
159 319	541
659 319	537
662	542
662	542
662	542
662	542
662	542
662	542
662	542
662	542
662	542
662	542
662	542
662	542
662	542
662	542
662	542
662	542
662	542
663	543
663	543
663	543
663	543
663	543
663	543
663	543
663	543
663	543
663	543
663	543
663	543
663	543
663	543
663	543
663	543
663	543
664	544
664	544
664	544
664	544
664	544
664	544
664	544
664	544
664	544
665	545
664	544
252	298
664	544
666	546
664	544
664	544
664	544
667	547
664	544
664	544
291	548
291	548
291	548
291	548
291	548
291	548
291	548
291	548
291	548
291	548
291	548
291	548
291	548
291	548
291	548
291	548
291	548
533	411
533	411
533	411
533	411
533	411
533	411
533	411
533	411
533	411
533	411
533	411
533	411
533	411
533	411
533	411
533	411
533	411
417	549
417	549
417	549
417	549
417	549
417	549
417	549
417	549
417	549
670	550
417	549
417	549
417	549
469	551
417	549
469	551
672	552
672	552
672	552
672	552
672	552
672	552
672	552
672	552
672	552
672	552
673 674	553
673 674	553
673 674	553
673 674	553
673 674	553
673 674	553
673 674	553
673 17	554
673 674	553
673 675	555
673 674	553
673 674	553
673 674	553
673 675	555
673 674	553
673 674	553
676	556
676	556
676	556
676	556
676	556
676	556
676	556
676	556
676	556
676	556
676	556
676	556
676	556
676	556
676	556
676	556
676	556
563	557
563	557
563	557
563	557
563	557
563	557
563	557
563	557
563	557
563	557
563	557
563	557
266	198
266	198
266	198
266	198
266	198
266	198
266	198
266	198
266	198
266	198
266	198
266	198
266	198
266	198
266	198
320	234
266	198
678 82	558
679 82	559
678 82	558
678 82	558
678 82	558
678 82	558
678 82	558
678 82	558
678 82	558
678 82	558
678 82	558
680 83	560
209 680	561
678 82	558
678 82	558
678 82	558
678 82	558
681	562
681	562
681	562
681	562
681	562
681	562
681	562
681	562
681	562
681	562
681	562
681	562
681	562
681	562
681	562
681	562
681	562
683	563
683	563
683	563
683	563
683	563
683	563
683	563
133	94
683	563
684	564
685	565
683	563
684	564
683	563
132	93
683	563
683	563
688 243	566
688 243	566
689 243	567
688 243	566
688 243	566
688 243	566
688 21	568
688 243	566
688 243	566
688 243	566
690 245	569
688 243	566
688 243	566
688 243	566
688 244	570
688 243	566
688 243	566
691 243	571
692	572
692	572
692	572
692	572
692	572
692	572
692	572
692	572
692	572
693	573
693	573
692	572
692	572
692	572
693	573
692	572
692	572
694	574
694	574
694	574
695	575
694	574
696	576
694	574
696	576
694	574
696	576
694	574
695	575
694	574
696	576
694	574
694	574
696	576
774	577
694	574
696	576
775	578
694	574
694	574
387	579
698	580
699	581
700	582
776	583
702	584
702	584
702	584
702	584
702	584
702	584
702	584
702	584
702	584
702	584
702	584
702	584
702	584
702	584
702	584
702	584
702	584
25	480
25	480
25	480
25	480
25	480
25	480
25	480
25	480
25	480
25	480
25	480
25	480
25	480
25	480
25	480
25	480
25	480
381	585
381	585
381	585
381	585
381	585
381	585
381	585
381	585
381	585
381	585
381	585
381	585
381	585
381	585
160	586
160	586
160	586
160	586
160	586
160	586
160	586
705	587
160	586
160	586
705	587
160	586
160	586
160	586
160	586
160	586
160	586
160	586
706	588
706	588
486	589
706	588
486	589
706	588
706	588
706	588
706	588
706	588
706	588
706	588
706	588
706	588
706	588
706	588
706	588
706	588
708	590
708	590
708	590
708	590
708	590
708	590
708	590
708	590
708	590
708	590
708	590
708	590
708	590
708	590
708	590
709	591
709	591
709	591
709	591
709	591
709	591
709	591
710	592
709	591
709	591
709	591
709	591
709	591
709	591
709	591
709	591
709	591
711 712	593
711 712	593
711 712	593
711 712	593
711 712	593
711 712	593
711 712	593
711 712	593
711 712	593
711 712	593
711 712	593
711 712	593
711 712	593
155 609	594
48	595
29	596
155 609	594
48	595
155 609	594
48 48	597
48 48	597
155 609	594
48 48	597
155 609	594
29	596
713 48	598
125	81
155 609	594
29	596
29 25 17	599
48 48	597
713 48	598
713 48	598
155 609	594
29	596
714	600
713	601
715	602
155 609	594
512	392
512	392
512	392
512	392
512	392
512	392
509	603
512	392
717	604
512	392
512	392
512	392
718	605
512	392
617	491
719	606
183 50	607
183 50	607
183	608
183 478	609
183 50	607
183 50	607
183 3	610
167 481	611
183	608
183 650 723	612
183 177	613
183 177	613
183 481	614
724 725	615
183 50	607
167 184	616
183 50	607
183 50	607
777	617
183 778	618
726 623	619
250	620
250	620
250	620
172	121
728	621
250	620
250	620
250	620
250	620
729	622
730	623
250	620
250	620
730	623
250	620
779	624
250	620
250	620
250	620
250	620
250	620
172	121
250	620
250	620
250	620
250 54 254 479	625
250 177	626
250	620
733 389	627
734 735	628
250 50	629
250 50	629
250 50	629
250	620
54 244	630
463 36	348
232	483
232	483
463 36	348
463 36	348
463 36	348
463 36	348
463 36	348
463	351
463 36	348
463	351
463 36	348
463  44	631
463	351
463 36 40	632
463  36	633
463 36	348
463 36	348
737	634
737	634
737	634
737	634
737	634
737	634
737	634
737	634
737	634
738	635
737	634
737	634
737	634
737	634
737	634
737	634
737	634
739	636
739	636
739	636
739	636
739	636
739	636
739	636
739	636
739	636
739	636
739	636
739	636
739	636
739	636
739	636
739	636
739	636
739	636
743	637
743	637
744	638
743	637
744	638
744	638
744	638
744 744	639
743	637
744	638
743	637
743	637
743	637
743	637
743	637
37 36	640
29	596
37 36	640
37 36	640
37 36	640
37 36	640
37	30
37 36	640
37	30
25 36 44	641
746  36	642
37 36	640
37 36	640
1	1
1	1
13	12
13	12
14	15
14	15
18	18
19	19
19	19
23	21
23	21
25 48	643
54 55 	644
59	645
59	645
752	646
68	647
69	47
69	47
74	648
75 71	649
76	52
76	52
86	650
94 93	651
96	65
96	65
99	652
99	652
100	653
100	653
106	654
107	655
108	73
108	73
109	74
16	75
753	656
755	657
756	658
128	88
128	88
134	659
134	659
135	95
135	95
137	97
137	97
138	98
139	99
139	99
145 141	660
141	101
757	661
146	103
152	108
152	108
153	109
156	662
161	663
162 174	664
162 175	665
176	122
176	122
178	123
178	123
131	124
131	124
131 14	125
186 187	666
186 59	667
164 36	130
188	132
188	132
190	135
195	140
195	140
203	149
213 214	668
215	156
215	156
218	159
218	159
220	669
220	669
220	669
220 226	670
220 227 226	671
228	672
231	172
21	673
237	175
237	175
242 245	179
78	181
78 251	185
78 252	186
253 254	187
256	674
256	674
262	675
263	676
257	190
257	190
268 264	677
268 93	678
273	679
282 283	680
296 295	681
56 292	682
297 297	683
297	217
297	217
303	221
303	221
308 40	684
308 40 227 308	685
309 227 308	686
310	687
311	227
311	227
312	228
268  332	688
333	242
333	242
335	244
335	244
338	689
339	690
340	247
340	247
346	254
348	255
348	255
349	256
349	256
350	257
350	257
354	691
145 354	692
356	693
356	693
365 363	694
365 363	694
366	271
366	271
370	695
372	696
371	276
371	276
383 188	697
383 188	697
391 386	698
392 386	699
393	296
395 252	700
396	299
397	300
400	302
401	701
401 29	702
405	306
405	306
245	703
409	704
387 426	705
160 429	706
445 446	707
430 433	325
447	334
448	335
452	340
452	340
455 456	343
455 456 59	708
475	709
476	710
477	711
475 50	712
477 484	713
489 490	714
491 488	715
492 489	716
485 493	717
501	383
502	384
502	384
17	718
504	386
506	387
506	387
514	719
268 515	720
515	393
202 519	721
521	397
521	397
145	722
145	722
527	405
527	405
529	406
530	408
535 531	723
540	420
540	420
395	724
541	422
548	429
548 549	725
551	726
551	726
552	432
552	432
557	727
557	727
277 557	728
277 557	728
557 567	729
391	444
391	444
574	730
575	731
583	732
218 268 587	733
588	460
770	734
100 590	735
592	736
591	462
593	463
595	466
595	466
596	467
596	467
603	737
603	737
604	738
606 604	739
606	525
605	474
55 607	740
462	477
560	487
614	741
614	741
615	489
615	489
621	742
622	743
623	744
92	498
92	498
628	745
628	745
627	502
93	503
93 93	746
633	747
305 629 	748
629	749
646	750
540	420
647	751
622	743
652	752
653	753
654	532
655	533
655	533
656	534
656	534
663	543
663	543
668	754
668	754
291	548
291	548
533	411
417	549
417	549
672	552
672	552
673 675	555
673 675	555
563 563	755
268	756
268	756
681	562
681	562
681	562
687	757
688 245	758
243	759
693	573
692	572
693	573
697	760
701	761
702	584
703	762
679	763
704	764
703	762
160	586
160	586
707	765
708	590
708	590
54 55	766
709	591
711 712	593
711 712	593
48	595
125	81
29	596
722	767
186 727	768
21 579	769
731	770
732	771
732 8	772
455 456 59	708
463	351
455 456 59	708
738	635
738	635
738	635
741	773
741	773
715	602
37	30
747 29 59	774
748 51 59	775
