1
1
1
2 1
1 5
2 1
835 1 5
1 5
2 5
1
2 1
10 7
2
1
1
768
9 768
2
1
10
1
2 1
1
1
11
11
11
11
11
11
11
12
11
11
11
13
11
11
11
11
14
15
11
11
15
15
16 17
18 16
16 17
16 17
16 17
16
16 16
16 19
16 17
16
16 17
16 17
16 17
16
16 17
16
16 17
16 17
16 17
16
16
20 21
20 21
20 21
20 21
20
20
21
20
20 21
21
20
21
20 21
22
21
22
20 21
21
20
21
20 21
21
21 23
20 21
20 24
21 24
21
25
25
25
25
25
25
25
25
25
25
25
25
25
25
25
25
25
25
25
26 19
27 28
29 30
27 31 195
26 19
27 28
27 28
29 30
28 31
33 226 50
36 52 38
27 28
27 31
39 40
27 28
27 41
39 38
42 43 28
27 3
26 19
45 46
47 48 42
28 28 19
45 46
26 19
27 28
27 28
27 28
26 19
27 49
27 50
27 28
51 52
53
54 55
54 55
54 55
54 55
54 55
54 55
54 55
54 55
54 55
54 55
54 55
54 55
54 55
54 55
54 55
54 55
54 55
56 467 58
54 55
59
59
59
59
59
59
59
59
59
59
59
59
59
59
37
59
59
59
59
38
38
38
38
38
38
38
38
38
38
193
38
38
38
38
38
38
193
193
60
60
60
61
60
61
60
62
63
64
65
68
60
62
61
765
60
69
69
69
69
69
764
70
60
71
71
71
71
71
71
71
71
71
71
71
71
71
71
71
71
71
71
71
71
72
72
72
72
72
73 72
72
72
72
72
72
72 74 75
72
72
72 73
72
72
72
66
76 73
77 19
77 19
77 19
77 19
77
77 19
77 19
77 19
77 19
77 78
77 319
77 319
77
77 19
77 319
77 19
77 80
77 78
77 81
77
77 797
77
83
83
83
83
83
83
83
83
83
83
83
83
84 83
85 86 19
83
83
83
83
83
83
87
88 19
88 19
88 19
88 89 19
88 19
88 19
90 91
90 19
88 19
92 90
79 90
79 90
88 19
90 93
90 94
88 19
90
90 93
90
90
95 94
96 93
97
97
97
97
97
97
97
97
97
97
97
97
97
97
97
97
97
97
97
98
98
98
98
98
98
98
98
98
98
98
98
98
98
101
98
98
102
102
103
103
104
104
104
104
104
105
104
104
106
104
106
104
106
104
104
106
104
107
108
106
108
108
104
109
110
111
111
111
111
111
111
111
111
111
111
111
111
111
111
111
111
111
111
111
112
112
112
112
112
112
112
112
112
112
112
112
112
112
112
112
112
112
112
18
18
18
18
18
18
18
18
18
18
18
18
18
18
18
18
18
18
838
113 114
113 114
113 114
113 114
113 114
113 114
115 116 117
113 114
113 114
118 119
120 121
113 114
122 121
113 114
113 114
123 120
118 124
113 114
113 114
120 125
120 114
113 114
839 121
126 127
128 19
129
50 50
128 19
128 19
128
126 127
128 128
126 127
128 19
128 128
128
126 127
128 19
128 28
128
128 130
128 127
126 127
841
840 797
131
131
131
131
131
131
131
131
131
131
131
131
131
131
131
131
131
131
131
132 133
132 133
134 133 19
133 19
132 133
132 133
132 133
134 133
132 133
132 133
134 133
134 133
132 133
134 133
132 133
132 133
132 133
134 133
132 133
134 133
132 133
134 133
134 133
135
135
135
135
135
135
135
136
135
135
135
135
135
135
135
135
135
135
137
137
138
138 19
138 19
138
138
138 19
138
138 138
138 19
138 19
138 19
138
138
138 19
138 28 19
138 19
138 19
138 67
138 19
138
138
138
139
139
139
139
139
139
139
139
139
139
139
139
139
139
139
139
139
139
139
140
140
140
140
140
140
140
140
140
140
140
140
140
140
140
140
140
140
140
141
141
141
141
141
141
141
142
141
141
141
141
141
141
141
141
141
141
141
141
143
143 319
143 319
143 319
143
143 319
143 319
143 319
143 319
145 143
143 319
145 143
143 319
143 19
143 19
143 319
143 146
143 319
143
365 143
143 797
148
148
149 150
148
149 150
148
149 150
148
151 27 598
148
148
148
148
148
148
148
148 81
148
148
27 842
148
153
153 19
153 19
153 19
153
153 19
153
153 19
153 154
154 154
154 19
153 19
153
153
153
153 19
154 19
153 19
153 19
154
154 19
153
154
154 797
155
155 19
155 19
155
155
155 19
155
155 19
155 19
155 19
156 155
155
155
155 28 19
155 28 19
155
155 146
155
155
155 157
42 158
161
161
161
161
161
162
161
162
163 164
161
161
161
161
161
161
161
161
165
161
166 167
166 167
168
166 167
166 167
169 170
168
168 19
166 167
166 167
168
171 172
166 167
167 19
167 19
166 174
175 56
166 167
176 177
166 178
166 179
180 319
180 319
180 319
180 319
180 319
180 319
180 319
180 319
180 319
180 319
180 319 19 67
180 319
180 319 687
180 319
180 319
180 319
180 319
180 319
180 319
182
182
182
182
182
182
182
182
182
182
182
182
182 183 19
182
182
182
182
182
182
182
134
134
134
134
134
134
134
134
134
134
134
134
134
134
134 67
134
134
134
134
134 16
134 16
134 16
134 16
134 16
134 16
134 16
134 16
134 16
134 16
134 16
134 16
134 16
134 16
134 16
134 16
134 16
134 16
134 16
35
35
35
35
35
35
35
35
35
35
35
35
35
35
35
35
35
35
35
185
185
185
185
185
185
185
185
185
185
186
185
185
185
185
185
185
185
185
187
187
187
187
187
187
188 56
188 56
188 56
168 38
171 172 193
187
171 189 56
187
188 56
190 38
188 56
187
191 192
191 193
168 38
194
194
194
194
194
194
194
194
194
194
194
194
194
194
194
194
194
194
194
194 114
194 114
194 114
114 195
194 114
194 114
194 114
194 114
194 114
194 114
194 114
194 114
114 19
194 114
194 114
194 114
194 114
114 19
194 114
196
196
196
196
196
196
196
196
197
197
197
196
197
197
197
196
196
196
197
197
198
199
200
843
198
198
201
202
202
203
202
201
198
204
204
205
198
202
200
198
202
202
206
206
144
208
206
206
206
206
206
152
210
206
206
210
206
210
206
210
210
211
210
210
206
210
210
212 213
212 213
212 213
212 213
212
212 213
212 214
212
212 215
212
212 213
216
216 215
217
218
212
216
216 219
212 213
212
760
216 215
216 219
212 213
216 213
220 221
222
222
222
222
222
222
222
222
222
222
222
222
834
224 225 207
222
222
222
222
222
222
222
225
225
225
225
225
225
225
225
225
225
225
225
225
225
225
225
225
225
225
226
226
226
226
226
226
226
226
227
227
227
226
226
227
227
226
227
230
230 193
230
226 195
226 195
226 195
226 195
226 195
226 40
226 195
226 195
227 38
227 490
227 233
226 195
226 234
227 195
227 235 38
226 40 56
227 236
230 193
230 237 193
238
239 240
241 319
239 240
239 240
241 319
239 240
239 240
241 319
241 319 242
239 240
239 240
239 240
239 240
239 240
239 240
239 240
241 319 243
239 240
241 319
241 319
239 240
241 319
241
244
244
244
244
244
196
196 23
196 245
244 23 245
244
196
197
244
244
10
244
196
197
244
246
244
244
244
23
23
247
247
247
247
247
247
247
247
247
247
241
247
247
247
247
247
247
247
247
247 248
247
247 249
247 248
247 248
247 249
247 248
247 249
247 248
247 248
247
247 27 242
247 52
247 248
247
247 248
247 249
247 248
247 248
247 250
247 251
252 253
252 253
252 253
252 253
252 253
252 253
252 254
252 253
252 253
252 253
252 791
252 253
252 253
252 253
252
252 253
252 253
252 253
252 791
79
79
79
79
79
256 257
79
629
79
79
79
79
79
79
257 260
79
79
79 261
79
79
79
79 260
79 262
79 262
79 262
79 262
79 262
79 262
79 262
79 262
79 263
79 262
79 262
79 262
79 262
79 262
79 262
79 261 263
79 263
79 262
79 262
79 263
264 265
264 265
264 265
264 265
264 265
265
264 265
265
264 265
265
265
264 265
265
264 265
265 16
264 265
264 265
264 265
264 265
265
264 265
264 265
264 265
264 265
266 265
264 265
1
1
1
1
1
1
1
1
1
1
1
1
1
1
1
1
1
267
267
268
268
268
268
268
268
269
268
268
268
268
270
268
271
272
268
268
268
268
273
274
268
268
275
275
275
275
275
275
275
275
275
276
277 277
275
275 183 19
275
275
275
277 278 19
275
279 275
279 94
280
280
280
280
280
280
280
281
282
280
280
280
283
280
280
280
280
280
280
280
284
285
285
285
285
286
286
286
285
287
71 288
287
285
286
285
289
290
286
285
287 291
279 292
293 294
295 249
295 249
58 296
58 295 296
295 249
297 298
295 249
296 299
295 249
296 5
295 249
300 58
300 52 301
302 303
295 249
300 304 19
300 52
300 295
305 306
300 58
295 249
307 306
58 303
308
308 309
308 309
308 309
308 309
308 309
308 309
308 19
308 309
308 309
308 309
308 309 67
308 309
308 309
308 309
308 309
308 309
308
308 308
308 309
308
310
310
310
310
310
310
310
310
311
310
312
310
312
310
312
77
310
310
77
77
313
313
313
313
313
313
313
313
313
313
313
313
313
313
313
313
313
313
313
313 195
313 195
313 195
313 195
313 195
316
313 195
313 195
313 38
313 317
313 233
313 195
313 316
313 195
313 160 52
313 235 38
313 511 8 6
313 236
193 42
193 42 237 193
322 237 193
323
324
324
324
324
324
324
324
324
324
324
324
324
324
324
324
324
324
324
324
325
325
325
325
325
325
325
325
325
326 327
328
329 19
325
325
330 331
325 332
325
325
325
333
333 334
337 340 334
333 334
337 340 334
333
333 334
333
338 333 334
338 333 319
333 334 94
337 340 334
338 333 319
277 333 319
277 341 319
277 342 319
333
333 334
333 319 94
343 333 94
333 319 94
333 334
333 319
333 319
333 319
279 344 319
279 319 345
346
346
346
346
346
346
346
346
346
229
346
346
346
346
346
346
346
346
346
347
347
347
347
347
347
347
347
347
347
347
347
347
347
347
347
347
347
347
49
49
49
49
49
49
49
49
49
49
4
49
348
49
49
348
348
49
349
348
348
350
350
351
350
350
350
350
350
350
350
350
350
350
350
350
350
350
350
350
350
352
352
352
352
352
352
352
352
352
352
352
352
352
352
352
352
352
352
352
352 353
352 353
352 353
352 353
352 353
352 353
352
352 353
352 353
352 353
352 353
352 353
354 352
352 353
352 353
352 353
352 353
352 353
352 353
355
355
355
355
355
355
355
355
355
355
355
355
355
355
355
355
355
355
355
318 318
318 318
318 318
318 318
318 318
318 318
318 318
318 357
318 318
318 318
318
318
318 318
318 19
318 19
318 67
318 19
318 318
318
318
358
358
358
358
358
358
358
358
358
358
358
358
358
358
358
358
358
358
358
359
359
359
359
359
359
359
359
359
359
359
359
359
359
359
359
359
359
359
360
360
360
360
360
361
360
362
360
361
362
360
362
360
360
360
360
320 256
360
361
360
360
360
360
360
363 364
363
363 364
363 364
363 364
363 364
363 364
363 364
363 364
363 364
363 364
363 364
363 364
363 364
363 364
363 364
363 364
364
365 364
366
366
366
366
366
366
366 366
366 19
366
366
366
366
366
366
366
366
366
366
231
231
367
367
367
367
368 367
367
367 309
367
367
367
367
367
367
367
367
367
367
367
367
369 370
369 370
369
369 370
369 370
369
369 370
369 371
369 370
369 370
369 370
369 372 373
369 374 373
369 370
369 373
369 370
369 373
369 370
369 370
375 373
375 373
377
377
377
377
377
377
377
377
377
377
377
232
232
377
379
377
377
377
377
380
380 19
380 19
380
380
380 19
380
134 19 380 380
380 19
380
380 19
380
380 19
380 19
380 19
380 67
380 19
380
786
786 786
786
381
381
381
381
381
381
381
381
381
381
381
381
381
381
381
381
381
382
381
381
383 384
383 384
385 386
383 384
383 384
383 384
383 384
383 384
383 384
383 384
383 384
383 384
383 384
383 384
383 384
383 384
383 384
383 384
383 384
383 384
387 194
387 388
387 388
346 389
387 388
387 194
21 194
387
387 388
346 389
387 388
761 194
390 391 392
393 394 67
387 194
285 194
387 194
387 388
387 194
387 388
346 75 67
387 194
387 194
393 194
393 194
395 396
395 396
395 396 397
395 396
395 396
395 396 396
395 398
395 182
395 182 396
395 396
395 396
395 399
395 399
395 396
395 396
395 396
395 400
395 396
395 396
34 396
401 396
395 396
402
402
402
402
402
402
402
402
402
402
402
402
402
402
402
402 756 757
402
402
402
403 263
403 263
403 263
263
403 263
403 263
263
403 263
403 263
403 263
263
403 263
263
403 263
263
403 263
403 263
403 263
403 263
263
403 263
403 263
263 263
404 263
405
405
405
405
405
405
405
405
405
405
405
405
405
405
405
405
405
405
405
406
406
406
407
406
406
406
406
406
406
406
406
406 408
406
406
406
406
406
406
409
409
409
409
409
409
409
409
409
409
409
409
409
409
409
409
409
409
409
410 411
410 411
410 411
410 411
410 411
410 412
410 411
410 411
410 411
410 411
410 411
410 413
410 411
410 411 309 778
410 413
410 411
410 413
410 411
410 413
410
410 31
414
414 415
414
414
414
414
414
414
414
414
414
414
414
414
414
414
414
414
414
416
416
416
416
416
416
416
416
416
845
416
357
416
416
416
416
416
416
791
844
417
417
418 419
417
417
417
417
417
420 421
422 423
417
424 774
425 426
315 321
417
420 421
752 429
417
430 431
753
420 421
335 426
397 433
425 426
164 436
437 438
437 438
437
437 40
437 438
437 438
437 191
437 439
440 56
437 56
437 439
443 444
445 446
447 261
437 438
171 121
449 56
437 439
450 451
113 171
452 439
453 439
453 454
437 439
455
455
455
455
455
455
455
455
456 455
456
456
455
456
456
456
455
455
455
456
457
457
457
458 255
457
457
457
457
459
458
460
457
461
457
457
460
457
457
460
460
462 38
27 80
463 464
465 466 40
27 242 32
463 464
468 19
463 464
468 19
27 468
33 226 470
471 38
39 472
473 319 38
471 40
463 464
39 474
471 38
471 38
27 80
463 464
27 475 19
471 38
27 80
471 46
27 80
27 80
27 80
476 477
27 80
463 464
463 464 193
478
478
478
478
479
478
478
478
480
481
481 56
482
478
160
428
763 56
432
483
484
485
478 52
478 52
478 486
478
478 52
478 52
478 52
478
478
478 56 265 487
478 181
480 489
481 489
481 52
482 52
478 491 52 58
160 52
428 67
763 56 265 487
432 254
483 52
485 493
494 495
494 495
494 495
494 495
494 495
494 495
496 5
497 256
494 495
497 256
497 256
497 256
494 495
497 256
497 256
497 256
494 256
497 256
494 495
499 500
501 497
502 499
494 503
504 505
504 505
504 505
504 505
504 505
506
504 505
506
506
506
504 505
506
504 505
507 18
504 505
504 505
508 18 19
504 505
506
506
434 506
510
506 504
512
512
512
512
512
512
512
512
512
512
512
512
512
512
512
512
512
512
512
513
513
513
513
513
513
513
513
513
514
513
21
513
513
513
770 513
513
513
513
513
515 19
515 19
515 19
515 19
515 19
515 19
515 19
515 19
515 19
515
515
515 19
515 19
515 19
515 67
515 19
515 19
498 19
515
517
517
517
517
517
517
517
517
517
517
517
517
517
517
517
517
517
517
517
518
518
519
518
518
518
518
780
520
518
518
518
521
522
523
521
518
518
518
518
521
521
518
524
518
525
526
526 19
526 19
526 19
526
526 19
526 526
526 19
526 19
527 526
527 526
526
526 19
526 19
526 19
526
526 19
526
279 526
526
324 526 528
529
529
529
529
529
529
529
529
529
529
529
529
529
529
529
529
529
529
529
529
529
529
529
529
529
209 530
529
529
531
531
531
531
531
531
531
531
532
533
531
531
531
531
532
532
531
532
532
147
147
147 309
147
147
147
147
147 309
363 309
147
147 309
147
147
147
147
147
147
147
147
147
365
365
534 396
534 396
534 396 397
534 396
534 396
534 399
534 396
534 182
534 182 396
534 396
534 396
534 399
535 399
534 396
534 396
534 182 396
534 396
534 396 67
534 396
534 396
49 396
23 259
536
536
536
536
536
536
536
536
537
536
536
536
536
536
536
536
536
536
536
538 19
538 19
538 19
538 19
538 19
538
538 19
538 19
538 19
538
278 538
278 538
538 19
538
538 19
538 67
538 19
538
538
538 797
539
539
539
539
539
539
539
539
539
539
539
539
539
539
539
539
539
539
539
540 264
540 264
264 541
542
540 264
542 540
540
540 264
542 540
433 433
433 19
542
542 540
542 540
540 264
542 540
543 540
542 540
542
540 264
542 540
540
542 540
542 540
544 540
266 546
547
547
547
548
547
547
547
547
547
549
547
549
549
549
550
547
550
550
550
551 276
551 276
551 19
551 276
551 276
551
551 276
551 276
551 276
404 173
551 276
848 552
404 276
551 276
404 76 19
404 76
551 276
551 314
404 314
404 76
848 849 19
551
404
404 797
159
159
159
159
159
159
159
159
159
159
159
159
159
159
159
159
159
159
159 554
555
555
555
555
555
555
555
555
555
555
555
555
555
555
751
555
555
555
556
556
557
557
557
558
557
557
559
560
560
557
560
561
557
557
557
557
557
557
557
557
115
115
115
115
115
115
115
115
115
115
115
115
115
115
115
115
115
562
562
115 563
115 563
115 564
795 564
115 563
115 564
115 563
115 566
115 563
115 567
568 569
115 563
115 563
115 288 115
115 245
570 115
115 563
115 563
115 563
115 571 67
115 563
115 571
288 562
288 562
115 572
115 572
115 572
115 572
115 572
115 572
115 572
115 572
115 572
115 572
115 572
115 572
573 139
115 572
115 572
115 572
115 572
115 572
562 572
34
34
34
34
34
34
34
34
34
34
34
34
34
34
34
34
34
34
34
574
575
574
576
574
575
574
575
806
574
575
575
44
44
575
44
575
44
574
577
575
574
575
578
579
580
581
581
581
581
581
582
583
581
583
581
583
581
583
582
584
585
581
586
582
583
581
583
587
583
588 179
588 179
588 179
588 179
588 179
588 179
588 179
588 179
588 179
589 590
588 179
588 179
588 179
588 179
588 179
588 179
588 179
225 279 591
588 179
278 19
278 19
278 19
278 19
278 19
278 19
278 19
278 16
278 19
278 19
278 16
278
278 19
278 19
278 19
278
278 19
278
344 27
344 278
592
592
592
592
592
592
592
592
592
592
592
592
592
592
592
592
592
592
339
593
593
593
593
593
593
593
593
593
593
593
593
593
593
593
593
593
103 594
593
595
595
595
595
595
595
595
595
595
595
595
595
595
595
595
595
595
356
595
596
596 597
596 597
596 597
596
596 597
596
596 597
596
596 597
596 597
596 597
596 597
596 597
596
596 597
596 597
596 597
596 80
596 597
596 82
596
596 797
598
599
598
598
599
598
598
599
598
599
598
599
598
599
598
599
599
598
598
599
598
598
599
598
599
598
599
598
599
598
598
599
598
599
599
600
600
600
600
600
600
600
600
600
600
600
600
600
600
600
600
600
600
600
601
601
601
601
601
601
601
601
601
601
601
601
601
601
601
601
601
601
601
602
602
602
602
602
602
602
602
602
602
603
602
604
602
602
604
602
602
604
602 605
606
606
607 608
607 608
607 608
608 5
607 608
608
608
608
607 608
608
608
608 245
607 608
607 608
607 608
607 608
607 608
607 608
608
607 608
607
609 607
609
608
470 470
610
470
611
610 612
611
610
610 612
470 470
27 19
610
610 612
470
613
470 470
611
610 612
470 470
610 612
611 611
242
614 470
242 242
242 27 475
611 611
242
611 611
242 27 475
610
242
614 470
754
610
615 470
615 611
615 242
57 610
27 470
565
565
565
565
565
565
565
565
565
565
617
565
565
565
565
565
565
565
565
618
618
619
619
619
619
619
832
832
619
619
619
619
619
619
619
619
619
619
619
619
620
620
620
620
620
620
620
620
759
850
622
183
523 623
183
620
620
758
620
624
625
626
93
93
93
93
93
93
93
93
93
93
93
627
93
223 19
93
93
99
93
93
93
93
630
630
630
630
630
630
630
630
630
630
630
630
630
630
630
630
630
631
631 632
630
94
94 319
94 319
94 319
94 319
94 319
94 228
94 319
94 319
94
94 319
94 319
94
94 319
94 319
94 319
94 319
94 319
94
94
94 94
94 319
634
634 19
634 19
634
634
634 19
634
634 634
634 19
634 19
635
634 19
635 67
634 19
634
634
634 67
634 19
634
634 634
566 797
636
49 636
49 637
636 19
636
636 19
636
636 19
49 33 33
33 33
33
33 33
638 638
33 67
636 19
348 38 42
49 38
639 639
348 67
636 19
640 348 19
348 56 638
636
348 640 19
348 38 67
348 56 19
636
636 67
317 632 81
632 797
641
641
641
641
641
641
641
641
641
641
641
641
641
641
641
641
641
641
641
642
642
9 643
98 644
642
98 645
642
642
642
642
642
642
642
642
642
642
642
642
642
642
642
646
646
646
646
646
646
646
646
646
549
647
647
549
646
549
646
550
646
609
648
550
649
448
448
448
448
448
448
448
448
448
853
650
651
448
448
652
651
448
625
336
394
394
394
394
394
394
394
394
394
394
394
394
394
394
394
394
394
394
258
653
653
653
653
653
653
653
653
653
653
653
653
653
653
653
653
653
653
653
296
296
296
296
296
296
296
296
296
296
296
296
296
296
296
296
296
372
372
654
654
654
654
654
654
654
654
654
654
654
654
654
654
654
654
654
654
654
655
655
655 656
655
655
655
655
655
655
655
655
655
655
655
655
657
655 656
655
655
655
203 198
203 198
203 198
658 332
659 332
203 198
203 198
658 332
203 198
660 332
660 332
660 332
203 198
203 198
659 332
659 332
203 198
198 332
163 332
658 332
203 198
203 198
203 332
661
661
661
661
661
661
661
661
661
661
661
661
661
661
661
661
661
661
661
662
662
662
662
662
662
662
662
662 67
662
662
662
662
662
662 67
662
662
662
662 797
662
663
663
663
663
663
663
663
663
663
664
663
777
663
665
663
663
663
666
663
663
100
44
100
302
302
302
302
302
302
302
302
302
302
302
302
302
302
302
302
302
302
302
542
542
542
542
542
542
542
542
542
542
542
542
542
542
542
542
542
542 542
542
542
424 255
424 255
424 255
424 255
424 255
424 255
424 255
424 255
424 668
424 56
670 56
424 40
424 40
424 56
477 56
424 56 775
477 671
424 454
424 40
672
672
672
672
672
672
672
672
672
672
672
672
672
672
672
672
672
672
672
673 674
673 674
673 674
673 674
673 674
673 674
673 674
673 674
673 498
673 674
673 675
673 674
673 674
673 674
673 675
673 674
673 674
673 675
673 675
676
676
676
676
676
676
676
676
676
676
676
676
676
676
676
676
676
676
676
568
568
568
568
568
568
568 568
568
568
568 67
568
568
568
568
568
568 67
568
568
568 568
568
277
277
277 677 19
277
277
277
277
277 434
277
277
277
277
277
277
277
277
333 814
277
279
279
678 83
679 83
678 83
678 83
678 83
678 83
678 83
678 83
678 83
678 83
678 83
678 83
58 84
681 84
216 681
678 83
678 83
678 83
678 83
678 83
678 83
682
682
682
682
682
682
682
682
682
682
682
682
682
682
682
682
682
682
682 628
682
683
683
683
683
683
683
683
136
683
684
685
686
683
684
683
135
683
683
688
683
683
689 253
689 253
690 253
689 253
689 253
689 253
689 253
689 23
689 253
689 253
689 253
691 791
689 253
689 253
689 253
689 254
689 253
689 253
693 253
689 253
689 791
253
694
694
694
694
694
694
694
694
694
695
695
694
694
694
695
694
694
695
694
695
696
696
696
697
696
698
696
698
696 245
698
696
697
696
698
699
696
696
698
766
696
698
767
696
696
696
696
698
696
699
397
397
397
397
397
397
397
397
397
397
397
397
216
397
700
397
701
702
851
621
397
703
703
703
703
703
703
703
703
703
703
531 703
703
703
703
703
703
703
703
703
27
27
27
27
27
27
27
27
27
27
27
27
27
27
27
27
27
27
27
27
391
391
391
391
391
391
391
391
391
391
391
391
391
391
391
391
391
704
679
705
391
705
704
164
164
164
164
164
164
164
706
164
164
706
164
164
164
164
164
164
164
164
164
707
707
495
707
495
707
707
707
707
707
707
707
707
707
707
707
707
707
708
707
709
709
709
709
709
709
709
709
709
709
709
709
709
709
709
709
709
709
709
710
710
710
710
710
710
710
711
710
710
710
710
710
710
710
710
710
710
56 467
710
710
712 469
712 469
712 469
712 469
712 469
712 469
712 469
712 469
712 469
712 469
712 469
712 469
712 469
712 469
712 469
712 469
712 469
712 469
712 469
157 612
50
31
157 612
50
157 612
50
50 50
50 50
157 612
50 50
157 612
31
713 50
614 128
157 612
31
31 27 19
50 50
713 50
713 50
157 612
31
714 67
614 713
715
157 612
615 50
615 128
31 716
614 713
27 713
523
523
523
523
523
523
520
523
717
523
796
523
523
718
523
523
620
719
720
721
722
188 52
188 52
188
188 486
188 52
188 52
188 52
171 489
188
188 651 724
188 181
188 181
188 489
725 726
188 52
171 189
188 52
188 52
184 67
188 773
727 728
191 729
23 816
261
261
261
176
730
261
261
261
261
731
732
261
261
732
261
762
261
261
732
733
734
261
261
261
176
261
261
261
261 56 265 487
261 181
261 67
735 399
736 737
261 52
261 52
261 52
261 67
261 56 265 487
56 254
819 181
734 793
471 38
34 27 242 195
27 242 195
471 38
471 38
471 38
471 38
471 38
471 40
471 38
471 170
471 38
471 19 46
471 38
471 40
471 38 42
471 38 42
471 38
471 67 38
471 38
471 38
463 464 193
471 738
463 464 193
739
739
739
739
739
739
739
739
739
789
739
739
739
739
739
739
739
789
789 193
789
741
741
741 742
741
741
741
741
741
741 742
741
741
741
741
741
741
741
743
741
741
744
743
743 319
745
745
746
745
746
745
746
746 67
746 746
745
746 19
745
745
745 67
745
745 747
745
745 67
745
745
745
745
39 38
31 195
39 38
39 38
39 38
39 38
39 38
39 40
39 38
39 170
39 38
27 38 46
39 38
39 40
39 38 42
39 46
748 67 38
39 38
39 38
230 715
39 738
749 31 193
750 53 193