Partial COGIDS
1
1
1
2 1
2 
2 1
 1 
1 
2 
1
2 1
6 7
2
1
1
749
 750
2
1
6
1
2 1
1
1
9
9
9
9
9
9
9
10
9
9
9
11
9
9
9
9
12
13
9
9
13
13
14 15
16 14
14 15
14 15
14 15
14
14 14
14 
14 15
14
14 15
14 15
14 15
14
14 15
14
14 15
14 15
14 15
14
14
18 19
18 19
18 19
18 19
18
18
19
18
18 19
19
18
19
18 19
20
19
20
18 19
19
18
19
18 19
19
19 
18 19
18 
19 
19
23
23
23
23
23
23
23
23
23
23
23
23
23
23
23
23
23
23
23
24 
25 26
27 28
25 29 
24 
25 26
25 26
27 28
26 29
31 32 33
34 35 36
25 26
25 29
37 
25 26
25 39
37 36
40 41 26
25 42
24 
43 44
45 46 40
26 26 
43 44
24 
25 26
25 26
25 26
24 
25 47
25 48
25 26
49 50
51
52 53
52 53
52 53
52 53
52 53
52 53
52 53
52 53
52 53
52 53
52 53
52 53
52 53
52 53
52 53
52 53
52 53
54 55 
52 53
57
57
57
57
57
57
57
57
57
57
57
57
57
57
58
57
57
57
57
36
36
36
36
36
36
36
36
36
36
59
36
36
36
36
36
36
59
59
60
60
60
61
60
61
60
62
63
64
65
66
60
62
61
751
60
67
67
67
67
67
752
68
60
69
69
69
69
69
69
69
69
69
69
69
69
69
69
69
69
69
69
69
69
70
70
70
70
70
71 70
70
70
70
70
70
70 72 73
70
70
70 71
70
70
70
74
75 71
76 
76 
76 
76 
76
76 
76 
76 
76 
76 77
76 
76 
76
76 
76 
76 
76 
76 77
76 
76
76 
76
82
82
82
82
82
82
82
82
82
82
82
82
83 82
 85 
82
82
82
82
82
82
86
87 
87 
87 
87 88 
87 
87 
89 90
89 
87 
91 89
78 89
78 89
87 
89 92
89 93
87 
89
89 92
89
89
94 93
95 92
96
96
96
96
96
96
96
96
96
96
96
96
96
96
96
96
96
96
96
97
97
97
97
97
97
97
97
97
97
97
97
97
97
98
97
97
99
99
100
100
101
101
101
101
101
102
101
101
103
101
103
101
103
101
101
103
101
104
105
103
105
105
101
106
107
108
108
108
108
108
108
108
108
108
108
108
108
108
108
108
108
108
108
108
109
109
109
109
109
109
109
109
109
109
109
109
109
109
109
109
109
109
109
16
16
16
16
16
16
16
16
16
16
16
16
16
16
16
16
16
16
753
110 111
110 111
110 111
110 111
110 111
110 111
112 113 114
110 111
110 111
115 116
117 118
110 111
119 118
110 111
110 111
120 117
115 121
110 111
110 111
117 122
117 111
110 111
754 118
123 124
125 
126
33 33
125 
125 
125
123 124
125 125
123 124
125 
125 125
125
123 124
125 
125 26
125
125 127
125 124
123 124
755
756 
128
128
128
128
128
128
128
128
128
128
128
128
128
128
128
128
128
128
128
129 130
129 130
131 130 
130 
129 130
129 130
129 130
131 130
129 130
129 130
131 130
131 130
129 130
131 130
129 130
129 130
129 130
131 130
129 130
131 130
129 130
131 130
131 130
132
132
132
132
132
132
132
133
132
132
132
132
132
132
132
132
132
132
134
134
135
135 
135 
135
135
135 
135
135 135
135 
135 
135 
135
135
135 
135  
135 
135 
135 
135 
135
135
135
137
137
137
137
137
137
137
137
137
137
137
137
137
137
137
137
137
137
137
138
138
138
138
138
138
138
138
138
138
138
138
138
138
138
138
138
138
138
139
139
139
139
139
139
139
140
139
139
139
139
139
139
139
139
139
139
139
139
141
141 
141 
141 
141
141 
141 
141 
141 
143 141
141 
143 141
141 
141 
141 
141 
141 
141 
141
145 141
141 
146
146
147 148
146
147 148
146
147 148
146
149  
146
146
146
146
146
146
146
146 
146
146
 757
146
151
151 
151 
151 
151
151 
151
151 
151 152
152 152
152 
151 
151
151
151
151 
152 
151 
151 
152
152 
151
152
152 
153
153 
153 
153
153
153 
153
153 
153 
153 
 153
153
153
153  
153  
153
153 
153
153
153 
 156
157
157
157
157
157
158
157
158
159 160
157
157
157
157
157
157
157
157
161
157
162 163
162 163
164
162 163
162 163
165 166
164
164 
162 163
162 163
164
167 168
162 163
163 
169 
162 170
171 
162 163
172 
162 174
162 175
176 
176 
176 
176 
176 
176 
176 
176 
176 
176 
176   
176 
176  
176 
176 
176 
176 
176 
176 
178
178
178
178
178
178
178
178
178
178
178
178
178  
178
178
178
178
178
178
178
131
131
131
131
131
131
131
131
131
131
131
131
131
131
131 
131
131
131
131
131 14
131 14
131 14
131 14
131 14
131 14
131 14
131 14
131 14
131 14
131 14
131 14
131 14
131 14
131 14
131 14
131 14
131 14
131 14
180
180
180
180
180
180
180
180
180
180
180
180
180
180
180
180
180
180
180
180
180
180
180
180
180
180
180
180
180
181
180
180
180
180
180
180
180
180
182
182
182
182
182
182
183 54
183 54
183 54
164 36
167 168 59
182
167 184 54
182
183 54
185 36
183 54
182
186 187
186 59
164 36
188
188
188
188
188
188
188
188
188
188
188
188
188
188
188
188
188
188
188
188 111
188 111
188 111
111 
188 111
188 111
188 111
188 111
188 111
188 111
188 111
188 111
111 
188 111
188 111
188 111
188 111
111 
188 111
189
189
189
189
189
189
189
189
190
190
190
189
190
190
190
189
189
189
190
190
191
192
193
758
191
191
194
195
195
196
195
194
191
197
197
198
191
195
193
191
195
195
199
199
200
201
199
199
199
199
199
202
203
199
199
203
199
203
199
203
203
204
203
203
199
203
203
205 
205 
205 
205 
205
205 
205 
205
205 
205
205 
209
209 208
210
211
205
209
209 
205 
205
759
209 
209 
205 
209 
213 214
215
215
215
215
215
215
215
215
215
215
215
215
216
217 218 55
215
215
215
215
215
215
215
218
218
218
218
218
218
218
218
218
218
218
218
218
218
218
218
218
218
218
32
32
32
32
32
32
32
32
219
219
219
32
32
219
219
32
219
220
220 
220
32 30
32 30
32 30
32 30
32 30
32 38
32 30
32 30
219 36
219 221
219 222
32 30
32 223
219 30
219 224 36
32 38 54
219 225
220 226
220 227 226
228
229 230
231 
229 230
229 230
231 
229 230
229 230
231 
231  
229 230
229 230
229 230
229 230
229 230
229 230
229 230
231  
229 230
231 
231 
229 230
231 
231
234
234
234
234
234
189
189 
189 
234  
234
189
190
234
234
6
234
189
190
234
236
234
234
234
21
21
237
237
237
237
237
237
237
237
237
237
231
237
237
237
237
237
237
237
237
237 238
237
237 
237 238
237 238
237 
237 238
237 
237 238
237 238
237
237  
237 
237 238
237
237 238
237 
237 238
237 238
237 
237 
242 243
242 243
242 243
242 243
242 243
242 243
242 244
242 243
242 243
242 243
242 245
242 243
242 243
242 243
242
242 243
242 243
242 243
242 245
78
78
78
78
78
 247
78
248
78
78
78
78
78
78
247 249
78
78
78 
78
78
78
78 249
78 251
78 251
78 251
78 251
78 251
78 251
78 251
78 251
78 252
78 251
78 251
78 251
78 251
78 251
78 251
78  252
78 252
78 251
78 251
78 252
253 254
253 254
253 254
253 254
253 254
254
253 254
254
253 254
254
254
253 254
254
253 254
254 14
253 254
253 254
253 254
253 254
254
253 254
253 254
253 254
253 254
255 254
253 254
1
1
1
1
1
1
1
1
1
1
1
1
1
1
1
1
1
256
256
257
257
257
257
257
257
258
257
257
257
257
259
257
260
261
257
257
257
257
262
263
257
257
264
264
264
264
264
264
264
264
264
265
266 266
264
264  
264
264
264
266  
264
268 264
268 93
269
269
269
269
269
269
269
270
271
269
269
269
272
269
269
269
269
269
269
269
273
274
274
274
274
275
275
275
274
276
69 277
276
274
275
274
278
279
275
274
276 280
268 281
282 283
284 
284 
56 285
56 284 285
284 
286 287
284 
285 
284 
285 
284 
289 
289  
291 292
284 
289  
289 
289 284
294 295
289 
284 
296 295
56 292
297
297 
297 
297 
297 
297 
297 
297 
297 
297 
297 
297  
297 
297 
297 
297 
297 
297
297 297
297 
297
300
300
300
300
300
300
300
300
301
300
302
300
302
300
302
76
300
300
76
76
303
303
303
303
303
303
303
303
303
303
303
303
303
303
303
303
303
303
303
303 30
303 30
303 30
303 30
303 30
304
303 30
303 30
303 36
303 305
303 306
303 30
303 304
303 30
303 307 170
303 224 36
303 760 761 762
303 225
308 40
308 40 227 308
309 227 308
310
311
311
311
311
311
311
311
311
311
311
311
311
311
311
311
311
311
311
311
312
312
312
312
312
312
312
312
312
313 314
315
316 
312
312
317 318
312 
312
312
312
320
320 321
322 85 323
320 323
324 85 321
320
320 321
320
 320 321
 320 
320 321 93
324 326 321
 320 
266 320 
266 328 
266 329 
320
320 321
320  93
 320 93
320  93
320 321
320 
320 
320 
268 331 
268  332
333
333
333
333
333
333
333
333
333
334
333
333
333
333
333
333
333
333
333
335
335
335
335
335
335
335
335
335
335
335
335
335
335
335
335
335
335
335
47
47
47
47
47
47
47
47
47
47
336
47
337
47
47
337
337
47
338
337
339
340
340
341
340
340
340
340
340
340
340
340
340
340
340
340
340
340
340
340
340
342
342
342
342
342
342
342
342
342
342
342
342
342
342
342
342
342
342
342
342 343
342 343
342 343
342 343
342 343
342 343
342
342 343
342 343
342 343
342 343
342 343
344 342
342 343
342 343
342 343
342 343
342 343
342 343
345
345
345
345
345
345
345
345
345
345
345
345
345
345
345
345
345
345
345
346 346
346 346
346 346
346 346
346 346
346 346
346 346
346 
346 346
346 346
346
346
346 346
346 
346 
346 
346 
346 346
346
346
348
348
348
348
348
348
348
348
348
348
348
348
348
348
348
348
348
348
348
349
349
349
349
349
349
349
349
349
349
349
349
349
349
349
349
349
349
349
350
350
350
350
350
351
350
352
350
351
352
350
352
350
350
350
350
763 
350
351
350
350
350
350
350
353 354
353
353 354
353 354
353 354
353 354
353 354
353 354
353 354
353 354
353 354
353 354
353 354
353 354
353 354
353 354
353 354
354
145 354
355
355
355
355
355
355
355 355
355 
355
355
355
355
355
355
355
355
355
355
356
356
357
357
357
357
 357
357
357 
357
357
357
357
357
357
357
357
357
357
357
357
359 360
359 360
359
359 360
359 360
359
359 360
359 
359 360
359 360
359 360
359 362 363
359 364 363
359 360
359 363
359 360
359 363
359 360
359 360
365 363
365 363
366
366
366
366
366
366
366
366
366
366
366
366
367
366
368
366
366
366
366
369
369 
369 
369
369
369 
369
  369 369
369 
369
369 
369
369 
369 
369 
369 
369 
369
370
370 370
370
371
371
371
371
371
371
371
371
371
371
371
371
371
371
371
371
371
372
371
371
373 374
373 374
375 376
373 374
373 374
373 374
373 374
373 374
373 374
373 374
373 374
373 374
373 374
373 374
373 374
373 374
373 374
373 374
373 374
373 374
377 188
377 378
377 378
333 379
377 378
377 188
19 188
377
377 378
333 379
377 378
764 188
380 381 382
383 384 
377 188
274 188
377 188
377 378
377 188
377 378
333 73 
377 188
377 188
383 188
383 188
385 386
385 386
385 386 
385 386
385 386
385 386 386
385 388
385 178
385 178 386
385 386
385 386
385 389
385 389
385 386
385 386
385 386
385 390
385 386
385 386
391 386
392 386
385 386
393
393
393
393
393
393
393
393
393
393
393
393
393
393
393
393  
393
393
393
394 252
394 252
394 252
252
394 252
394 252
252
394 252
394 252
394 252
252
394 252
252
394 252
252
394 252
394 252
394 252
394 252
252
394 252
394 252
252 252
395 252
396
396
396
396
396
396
396
396
396
396
396
396
396
396
396
396
396
396
396
397
397
397
398
397
397
397
397
397
397
397
397
397 
397
397
397
397
397
397
400
400
400
400
400
400
400
400
400
400
400
400
400
400
400
400
400
400
400
401 402
401 402
401 402
401 402
401 402
401 403
401 402
401 402
401 402
401 402
401 402
401 404
401 402
401 402  
401 404
401 402
401 404
401 402
401 404
401
401 29
405
405 
405
405
405
405
405
405
405
405
405
405
405
405
405
405
405
405
405
407
407
407
407
407
407
407
407
407
408
407
347
407
407
407
407
407
407
245
409
410
410
411 412
410
410
410
410
410
413 414
415 416
410
417 765
418 419
420 421
410
413 414
766 422
410
423 424
767
413 414
425 421
387 426
427 428
160 429
430 431
430 431
432
432 38
430 431
430 431
430 186
430 433
434 54
432 435
430 433
436 437
438 439
440 250
430 431
167 118
441 435
430 433
442 443
110 167
444 433
445 433
445 446
430 433
447
447
447
447
447
447
447
447
448 
448
448
447
448
448
448
447
447
447
448
449
449
449
450 
449
449
449
449
451
450
452
449
453
449
449
452
449
449
452
452
454 36
 79
455 456
457 458 
 459 
455 456
461 
455 456
461 
 461
31 32 462
463 36
37 464
465 142 36
463 
455 456
37 466
463 36
463 36
 79
455 456
 467 
463 36
 79
463 44
 79
 79
 79
468 469
 79
455 456
455 456 59
470
470
470
470
471
470
470
470
472
473
473 
474
470
307
470
768 
168
475
476
477
470 50
470 50
470 478
470
470 50
470 50
470 50
470
470
470 435 254 479
470 480
472 481
473 481
473 50
474 482
470 483 50 56
307 482
470 
470 435 254 479
168 244
475 50
477 484
485 486
485 486
485 486
485 486
485 486
485 486
487 
488 246
485 486
488 246
488 246
488 246
485 486
488 246
488 246
488 246
485 246
488 246
485 486
489 490
491 488
492 489
485 493
494 495
494 495
494 495
494 495
494 495
496
494 495
496
496
496
494 495
496
494 495
497 16
494 495
494 495
498 16 
494 495
496
496
499 496
500
496 494
501
501
501
501
501
501
501
501
501
501
501
501
501
501
501
501
501
501
501
502
502
502
502
502
502
502
502
502
503
502
19
502
502
502
 502
502
502
502
502
504 
504 
504 
504 
504 
504 
504 
504 
504 
504
504
504 
504 
504 
504 
504 
504 
17 
504
506
506
506
506
506
506
506
506
506
506
506
506
506
506
506
506
506
506
506
507
507
508
507
507
507
507
298
509
507
507
507
510
511
512
510
507
507
507
507
510
510
507
513
507
514
515
515 
515 
515 
515
515 
515 515
515 
515 
516 515
516 515
515
515 
515 
515 
515
515 
515
268 515
515
311 515 517
518
518
518
518
518
518
518
518
518
518
518
518
518
518
518
518
518
518
518
518
518
518
518
518
518
202 519
518
518
520
520
520
520
520
520
520
520
521
522
520
520
520
520
521
521
520
521
521
523
523
523 
523
523
523
523
523 
353 
523
523 
523
523
523
523
523
523
523
523
523
145
145
524 386
524 386
524 386 
524 386
524 386
524 389
524 386
524 178
524 178 386
524 386
524 386
524 389
525 389
524 386
524 386
524 178 386
524 386
524 386 
524 386
524 386
47 386
21 526
527
527
527
527
527
527
527
527
528
527
527
527
527
527
527
527
527
527
527
529 
529 
529 
529 
529 
529
529 
529 
529 
529
267 529
267 529
529 
529
529 
529 
529 
529
529
529 
530
530
530
530
530
530
530
530
530
530
530
530
530
530
530
530
530
530
530
531 253
531 253
253 
533
531 253
533 531
531
531 253
533 531
426 426
426 
533
533 531
533 531
531 253
533 531
534 531
533 531
533
531 253
533 531
531
533 531
533 531
535 531
255 536
537
537
537
538
537
537
537
537
537
539
537
539
539
539
540
537
540
540
540
541 265
541 265
541 
541 265
541 265
541
541 265
541 265
541 265
395 542
541 265
543 544
395 545
541 265
395 75 
395 75
541 265
541 546
395 546
395 75
543 547 
541
395
541 
548
548
548
548
548
548
548
548
548
548
548
548
548
548
548
548
548
548
548 549
550
550
550
550
550
550
550
550
550
550
550
550
550
550
769
550
550
550
551
551
552
552
552
553
552
552
554
555
555
552
555
556
552
552
552
552
552
552
552
552
112
112
112
112
112
112
112
112
112
112
112
112
112
112
112
112
112
557
557
112 558
112 558
112 559
560 559
112 558
112 559
112 558
112 561
112 558
112 562
563 564
112 558
112 558
112 277 112
112 
565 112
112 558
112 558
112 558
112 566 
112 558
112 566
277 557
277 557
112 567
112 567
112 567
112 567
112 567
112 567
112 567
112 567
112 567
112 567
112 567
112 567
568 137
112 567
112 567
112 567
112 567
112 567
557 567
391
391
391
391
391
391
391
391
391
391
391
391
391
391
391
391
391
391
391
569
570
569
571
569
570
569
570
216
569
570
570
572
572
570
572
570
572
569
573
570
569
570
574
575
576
577
577
577
577
577
578
579
577
579
577
579
577
579
578
580
581
577
582
578
579
577
579
583
579
584 175
584 175
584 175
584 175
584 175
584 175
584 175
584 175
584 175
585 586
584 175
584 175
584 175
584 175
584 175
584 175
584 175
218 268 587
584 175
267 
267 
267 
267 
267 
267 
267 
267 14
267 
267 
267 14
267
267 
267 
267 
267
267 
267
331 25
331 267
588
588
588
588
588
588
588
588
588
588
588
588
588
588
588
588
588
588
770
589
589
589
589
589
589
589
589
589
589
589
589
589
589
589
589
589
100 590
589
591
591
591
591
591
591
591
591
591
591
591
591
591
591
591
591
591
592
591
593
593 594
593 594
593 594
593
593 594
593
593 594
593
593 594
593 594
593 594
593 594
593 594
593
593 594
593 594
593 594
593 
593 594
593 
593
593 
150
595
150
150
595
150
150
595
150
595
150
595
150
595
150
595
595
150
150
595
150
150
595
150
595
150
595
150
595
150
150
595
150
595
595
596
596
596
596
596
596
596
596
596
596
596
596
596
596
596
596
596
596
596
597
597
597
597
597
597
597
597
597
597
597
597
597
597
597
597
597
597
597
598
598
598
598
598
598
598
598
598
598
599
598
600
598
598
600
598
598
601
598 602
603
603
604 605
604 605
604 605
605 
604 605
605
605
605
604 605
605
605
605 
604 605
604 605
604 605
604 605
604 605
604 605
605
604 605
604
606 604
606
605
462 462
607
462
608
607 609
608
607
607 609
462 462
25 
607
607 609
462
610
462 462
608
607 609
462 462
607 609
608 608
232
 462
232 232
232 25 467
608 608
232
608 608
232 25 467
607
459
 462
771
607
 462
 608
 232
55 607
 462
560
560
560
560
560
560
560
560
560
560
613
560
560
560
560
560
560
560
560
614
614
615
615
615
615
615
616
616
615
615
615
615
615
615
615
615
615
615
615
615
617
617
617
617
617
617
617
617
772
618
619
179
512 620
179
617
617
773
617
621
622
623
92
92
92
92
92
92
92
92
92
92
92
624
92
625 
92
92
626
92
92
92
92
627
627
627
627
627
627
627
627
627
627
627
627
627
627
627
627
627
628
628 
627
93
93 
93 
93 
93 
93 
93 
93 
93 
93
93 
93 
93
93 
93 
93 
93 
93 
93
93
93 93
93 
631
631 
631 
631
631
631 
631
631 631
631 
631 
632
631 
632 
631 
631
631
631 
631 
631
631 631
633 
634
47 634
47 635
634 
634
634 
634
634 
47 31 31
31 31
31
31 31
636 636
31 
634 
337 36 40
47 36
637 637
337 
634 
638 337 
337  636
634
337 638 
337 36 
337 54 
634
634 
305 629 
629 
639
639
639
639
639
639
639
639
639
639
639
639
639
639
639
639
639
639
639
640
640
8 641
97 642
640
97 643
640
640
640
640
640
640
640
640
640
640
640
640
640
640
640
644
644
644
644
644
644
644
644
644
539
645
645
539
644
539
644
540
644
606
646
540
647
648
648
648
648
648
648
648
648
648
481
649
650
648
648
651
650
648
622
652
384
384
384
384
384
384
384
384
384
384
384
384
384
384
384
384
384
384
653
654
654
654
654
654
654
654
654
654
654
654
654
654
654
654
654
654
654
654
285
285
285
285
285
285
285
285
285
285
285
285
285
285
285
285
285
362
362
655
655
655
655
655
655
655
655
655
655
655
655
655
655
655
655
655
655
655
656
656
656 
656
656
656
656
656
656
656
656
656
656
656
656
658
656 
656
656
656
196 191
196 191
196 191
659 319
660 319
196 191
196 191
659 319
196 191
661 319
661 319
661 319
196 191
196 191
660 319
660 319
196 191
191 319
159 319
659 319
196 191
196 191
196 319
662
662
662
662
662
662
662
662
662
662
662
662
662
662
662
662
662
662
662
663
663
663
663
663
663
663
663
663 
663
663
663
663
663
663 
663
663
663
663 
663
664
664
664
664
664
664
664
664
664
665
664
252
664
666
664
664
664
667
664
664
668
572
668
291
291
291
291
291
291
291
291
291
291
291
291
291
291
291
291
291
291
291
533
533
533
533
533
533
533
533
533
533
533
533
533
533
533
533
533
533 533
533
533
417 
417 
417 
417 
417 
417 
417 
417 
417 
417 
670 
417 
417 
417 
469 
417  
469 
417 
417 
672
672
672
672
672
672
672
672
672
672
672
672
672
672
672
672
672
672
672
673 674
673 674
673 674
673 674
673 674
673 674
673 674
673 674
673 17
673 674
673 675
673 674
673 674
673 674
673 675
673 674
673 674
673 675
673 675
676
676
676
676
676
676
676
676
676
676
676
676
676
676
676
676
676
676
676
563
563
563
563
563
563
563 563
563
563
563 
563
563
563
563
563
563 
563
563
563 563
563
266
266
266  
266
266
266
266
266 
266
266
266
266
266
266
266
266
320 
266
268
268
678 82
679 82
678 82
678 82
678 82
678 82
678 82
678 82
678 82
678 82
678 82
678 82
56 83
680 83
209 680
678 82
678 82
678 82
678 82
678 82
678 82
681
681
681
681
681
681
681
681
681
681
681
681
681
681
681
681
681
681
681 
681
683
683
683
683
683
683
683
133
683
684
685
686
683
684
683
132
683
683
687
683
683
688 243
688 243
689 243
688 243
688 243
688 243
688 243
688 21
688 243
688 243
688 243
690 245
688 243
688 243
688 243
688 244
688 243
688 243
691 243
688 243
688 245
243
692
692
692
692
692
692
692
692
692
693
693
692
692
692
693
692
692
693
692
693
694
694
694
695
694
696
694
696
694 
696
694
695
694
696
697
694
694
696
774
694
696
775
694
694
694
694
696
694
697
387
387
387
387
387
387
387
387
387
387
387
387
209
387
698
387
699
700
776
701
387
702
702
702
702
702
702
702
702
702
702
 702
702
702
702
702
702
702
702
702
25
25
25
25
25
25
25
25
25
25
25
25
25
25
25
25
25
25
25
25
381
381
381
381
381
381
381
381
381
381
381
381
381
381
381
381
381
703
679
704
381
704
703
160
160
160
160
160
160
160
705
160
160
705
160
160
160
160
160
160
160
160
160
706
706
486
706
486
706
706
706
706
706
706
706
706
706
706
706
706
706
707
706
708
708
708
708
708
708
708
708
708
708
708
708
708
708
708
708
708
708
708
709
709
709
709
709
709
709
710
709
709
709
709
709
709
709
709
709
709
54 55
709
709
711 712
711 712
711 712
711 712
711 712
711 712
711 712
711 712
711 712
711 712
711 712
711 712
711 712
711 712
711 712
711 712
711 712
711 712
711 712
155 609
48
29
155 609
48
155 609
48
48 48
48 48
155 609
48 48
155 609
29
713 48
 125
155 609
29
29 25 17
48 48
713 48
713 48
155 609
29
714 
 713
715
155 609
 48
 125
29 
 713
 713
512
512
512
512
512
512
509
512
717
512
594
512
512
718
512
512
617
719
720
721
722
183 50
183 50
183
183 478
183 50
183 50
183 3
167 481
183
183 650 723
183 177
183 177
183 481
724 725
183 50
167 184
183 50
183 50
777 
183 778
726 623
186 727
21 579
250
250
250
172
728
250
250
250
250
729
730
250
250
730
250
779
250
250
730
731
732
250
250
250
172
250
250
250
250 54 254 479
250 177
250 
733 389
734 735
250 50
250 50
250 50
250 
250 54 254 479
54 244
456 177
732 8
463 36
  232 
 232 
463 36
463 36
463 36
463 36
463 36
463 
463 36
463 
463 36
463  44
463 36
463 
463 36 40
463 36 40
463 36
463  36
463 36
463 36
455 456 59
463 
455 456 59
737
737
737
737
737
737
737
737
737
738
737
737
737
737
737
737
737
738
738 
738
739
739
739 
739
739
739
739
739
739 
739
739
739
739
739
739
739
741
739
739
742
741
741 
743
743
744
743
744
743
744
744 
744 744
743
744 
743
743
743 
743
743 
743
743 
743
743
743
743
37 36
29 
37 36
37 36
37 36
37 36
37 36
37 
37 36
37 
37 36
25 36 44
37 36
37 
37 36 40
37 44
746  36
37 36
37 36
 715
37 
747 29 59
748 51 59