Full COGID
1
1
1
2
1
2
1
1
3
1
2
4
3
1
1
5
5
3
1
6
1
2
1
1
7
7
7
7
7
7
7
8
7
7
7
9
7
7
7
7
10
11
7
7
11
11
12
13
12
12
12
14
15
14
12
14
12
12
12
14
12
14
12
12
12
14
14
16
16
16
16
17
17
18
17
16
18
17
18
16
19
18
19
16
18
17
18
16
18
18
16
17
18
18
20
20
20
20
20
20
20
20
20
20
20
20
20
20
20
20
20
20
20
21
22
23
24
21
22
22
23
25
26
27
22
24
28
22
29
30
31
32
21
33
34
35
33
21
22
22
22
21
36
37
22
38
39
40
40
40
40
40
40
40
40
40
40
40
40
40
40
40
40
40
41
40
42
42
42
42
42
42
42
42
42
42
42
42
42
42
43
42
42
42
42
44
44
44
44
44
44
44
44
44
44
45
44
44
44
44
44
44
45
45
46
46
46
47
46
47
46
48
49
50
51
52
46
48
47
53
46
54
54
54
54
54
55
56
46
57
57
57
57
57
57
57
57
57
57
57
57
57
57
57
57
57
57
57
57
58
58
58
58
58
59
58
58
58
58
58
60
58
58
61
58
58
58
62
63
64
64
64
64
64
64
64
64
64
65
64
64
64
64
64
64
64
65
64
64
64
64
66
66
66
66
66
66
66
66
66
66
66
66
67
68
66
66
66
66
66
66
69
70
70
70
71
70
70
72
73
70
74
75
75
70
76
77
70
73
76
73
73
78
79
80
80
80
80
80
80
80
80
80
80
80
80
80
80
80
80
80
80
80
81
81
81
81
81
81
81
81
81
81
81
81
81
81
82
81
81
83
83
84
84
85
85
85
85
85
86
85
85
87
85
87
85
87
85
85
87
85
88
89
87
89
89
85
90
91
92
92
92
92
92
92
92
92
92
92
92
92
92
92
92
92
92
92
92
93
93
93
93
93
93
93
93
93
93
93
93
93
93
93
93
93
93
93
94
94
94
94
94
94
94
94
94
94
94
94
94
94
94
94
94
94
95
96
96
96
96
96
96
97
96
96
98
99
96
100
96
96
101
102
96
96
103
104
96
105
106
107
108
109
107
107
107
106
110
106
107
110
107
106
107
111
107
112
113
106
114
115
116
116
116
116
116
116
116
116
116
116
116
116
116
116
116
116
116
116
116
117
117
118
119
117
117
117
118
117
117
118
118
117
118
117
117
117
118
117
118
117
118
118
120
120
120
120
120
120
120
121
120
120
120
120
120
120
120
120
120
120
122
122
123
123
123
123
123
123
123
124
123
123
123
123
123
123
123
123
123
123
123
123
123
123
125
125
125
125
125
125
125
125
125
125
125
125
125
125
125
125
125
125
125
126
126
126
126
126
126
126
126
126
126
126
126
126
126
126
126
126
126
126
127
127
127
127
127
127
127
128
127
127
127
127
127
127
127
127
127
127
127
127
129
129
129
129
129
129
129
129
129
130
129
130
129
129
129
129
129
129
129
131
129
132
132
133
132
133
132
133
132
134
132
132
132
132
132
132
132
132
132
132
135
132
136
136
136
136
136
136
136
136
137
138
139
136
136
136
136
136
139
136
136
139
139
136
139
139
140
140
140
140
140
140
140
140
140
140
140
140
140
140
140
140
140
140
140
140
141
142
142
142
142
142
143
142
143
144
142
142
142
142
142
142
142
142
145
142
146
146
147
146
146
148
147
147
146
146
147
149
146
150
150
151
152
146
153
154
155
156
156
156
156
156
156
156
156
156
156
156
156
156
156
156
156
156
156
156
157
157
157
157
157
157
157
157
157
157
157
157
157
157
157
157
157
157
157
157
158
158
158
158
158
158
158
158
158
158
158
158
158
158
158
158
158
158
158
159
159
159
159
159
159
159
159
159
159
159
159
159
159
159
159
159
159
159
160
160
160
160
160
160
160
160
160
160
160
160
160
160
160
160
160
160
160
161
161
161
161
161
161
161
161
161
161
162
161
161
161
161
161
161
161
161
163
163
163
163
163
163
164
164
164
165
166
163
167
163
164
168
164
163
169
170
165
171
171
171
171
171
171
171
171
171
171
171
171
171
171
171
171
171
171
171
172
172
172
173
172
172
172
172
172
172
172
172
173
172
172
172
172
173
172
174
174
174
174
174
174
174
174
175
175
175
174
175
175
175
174
174
174
175
175
176
177
178
179
176
176
180
181
181
182
181
180
176
183
183
184
176
181
178
176
181
181
185
185
186
187
185
185
185
185
185
188
189
185
185
189
185
189
185
189
189
190
189
189
185
189
189
191
191
191
191
191
191
191
191
191
191
191
192
193
194
195
191
192
192
191
191
196
192
192
191
192
197
198
198
198
198
198
198
198
198
198
198
198
198
199
200
198
198
198
198
198
198
198
201
201
201
201
201
201
201
201
201
201
201
201
201
201
201
201
201
201
201
202
202
202
202
202
202
202
202
203
203
203
202
202
203
203
202
203
204
204
204
205
205
205
205
205
206
205
205
207
208
209
205
210
211
212
213
214
215
216
217
218
219
218
218
219
218
218
219
219
218
218
218
218
218
218
218
219
218
219
219
218
219
219
220
220
220
220
220
174
174
174
220
220
174
175
220
220
6
220
174
175
220
221
220
220
220
222
222
223
223
223
223
223
223
223
223
223
223
219
223
223
223
223
223
223
223
223
224
223
223
224
224
223
224
223
224
224
223
223
223
224
223
224
223
224
224
223
223
225
225
225
225
225
225
226
225
225
225
227
225
225
225
228
225
225
225
227
229
229
229
229
229
230
229
231
229
229
229
229
229
229
232
229
229
229
229
229
229
233
234
234
234
234
234
234
234
234
235
234
234
234
234
234
234
235
235
234
234
235
236
236
236
236
236
237
236
237
236
237
237
236
237
236
238
236
236
236
236
237
236
236
236
236
239
236
1
1
1
1
1
1
1
1
1
1
1
1
1
1
1
1
1
240
240
241
241
241
241
241
241
242
241
241
241
241
243
241
244
245
241
241
241
241
246
247
241
241
248
248
248
248
248
248
248
248
248
249
250
248
248
248
248
248
251
248
252
253
254
254
254
254
254
254
254
255
256
254
254
254
257
254
254
254
254
254
254
254
258
259
259
259
259
260
260
260
259
261
262
261
259
260
259
263
264
260
259
265
266
267
268
268
269
270
268
271
268
272
268
272
268
273
273
274
268
273
273
275
276
273
268
277
278
279
279
279
279
279
279
279
279
279
279
279
279
279
279
279
279
279
279
280
279
279
281
281
281
281
281
281
281
281
282
281
283
281
283
281
283
64
281
281
64
64
284
284
284
284
284
284
284
284
284
284
284
284
284
284
284
284
284
284
284
285
285
285
285
285
286
285
285
287
288
289
285
290
285
291
292
293
294
295
296
297
298
299
299
299
299
299
299
299
299
299
299
299
299
299
299
299
299
299
299
299
300
300
300
300
300
300
300
300
300
301
302
303
300
300
304
300
300
300
300
305
306
307
306
307
305
306
305
306
305
308
307
305
309
310
311
305
306
312
312
312
306
305
305
305
313
314
315
315
315
315
315
315
315
315
315
316
315
315
315
315
315
315
315
315
315
317
317
317
317
317
317
317
317
317
317
317
317
317
317
317
317
317
317
317
318
318
318
318
318
318
318
318
318
318
319
318
320
318
318
320
320
318
321
320
320
322
322
323
322
322
322
322
322
322
322
322
322
322
322
322
322
322
322
322
322
324
324
324
324
324
324
324
324
324
324
324
324
324
324
324
324
324
324
324
325
325
325
325
325
325
324
325
325
325
325
325
326
325
325
325
325
325
325
327
327
327
327
327
327
327
327
327
327
327
327
327
327
327
327
327
327
327
328
328
328
328
328
328
328
329
328
328
329
329
328
329
329
329
329
328
329
329
330
330
330
330
330
330
330
330
330
330
330
330
330
330
330
330
330
330
330
331
331
331
331
331
331
331
331
331
331
331
331
331
331
331
331
331
331
331
332
332
332
332
332
333
332
334
332
333
334
332
334
332
332
332
332
335
332
333
332
332
332
332
332
336
337
336
336
336
336
336
336
336
336
336
336
336
336
336
336
336
338
339
340
340
340
340
340
340
341
340
340
340
340
340
340
340
340
340
340
340
342
342
343
343
343
343
343
343
343
343
343
343
343
343
343
343
343
343
343
343
343
344
344
345
344
344
345
344
345
344
344
344
346
347
344
348
344
348
344
344
349
349
350
350
350
350
350
350
350
350
350
350
350
351
351
350
352
350
350
350
350
353
353
353
353
353
353
353
354
353
353
353
353
353
353
353
353
353
353
355
356
355
357
357
357
357
357
357
357
357
357
357
357
357
357
357
357
357
357
358
357
357
359
359
360
359
359
359
359
359
359
359
359
359
359
359
359
359
359
359
359
359
361
362
362
363
362
361
364
365
362
363
362
366
367
368
361
369
361
362
361
362
370
361
361
371
371
372
372
372
372
372
373
374
375
376
372
372
377
377
372
372
372
378
372
372
379
380
372
381
381
381
381
381
381
381
381
381
381
381
381
381
381
381
381
381
381
381
382
382
382
383
382
382
383
382
382
382
383
382
383
382
383
382
382
382
382
383
382
382
384
385
386
386
386
386
386
386
386
386
386
386
386
386
386
386
386
386
386
386
386
387
387
387
388
387
387
387
387
387
387
387
387
387
387
387
387
387
387
387
389
389
389
389
389
389
389
389
389
389
389
389
389
389
389
389
389
389
389
390
390
390
390
390
391
390
390
390
390
390
392
390
390
392
390
392
390
392
393
394
395
395
395
395
395
395
395
395
395
395
395
395
395
395
395
395
395
395
395
396
396
396
396
396
396
396
396
396
397
396
398
396
396
396
396
396
396
399
400
401
401
402
401
401
401
401
401
403
404
401
405
406
407
401
403
408
401
409
410
403
411
412
406
413
414
414
415
416
414
414
417
418
419
420
418
421
422
423
414
424
425
418
426
427
428
429
430
418
431
431
431
431
431
431
431
431
432
432
432
431
432
432
432
431
431
431
432
433
433
433
434
433
433
433
433
435
434
436
433
437
433
433
436
433
433
436
436
438
439
440
441
442
440
443
440
443
443
444
445
446
447
448
440
449
445
445
439
440
450
445
439
451
439
439
439
452
439
440
453
454
454
454
454
455
454
454
454
456
457
457
458
454
459
460
461
462
463
464
465
466
466
467
454
466
466
466
454
454
468
469
470
471
472
473
474
475
460
476
477
478
479
480
480
480
480
480
480
481
482
480
482
482
482
480
482
482
482
483
482
480
484
485
486
487
488
488
488
488
488
489
488
489
489
489
488
489
488
490
488
488
491
488
489
489
492
493
494
495
495
495
495
495
495
495
495
495
495
495
495
495
495
495
495
495
495
495
496
496
496
496
496
496
496
496
496
497
496
18
496
496
496
496
496
496
496
496
498
498
498
498
498
498
498
498
498
498
498
498
498
498
498
498
498
499
498
500
500
500
500
500
500
500
500
500
500
500
500
500
500
500
500
500
500
500
501
501
502
501
501
501
501
503
504
501
501
501
505
506
507
505
501
501
501
501
505
505
501
508
501
509
510
510
510
510
510
510
511
510
510
512
512
510
510
510
510
510
510
510
513
510
514
515
515
515
515
515
515
515
515
515
515
515
515
515
515
515
515
515
515
515
515
515
515
515
515
515
516
515
515
517
517
517
517
517
517
517
517
518
519
517
517
517
517
518
518
517
518
518
520
520
520
520
520
520
520
520
337
520
520
520
520
520
520
520
520
520
520
520
521
521
522
522
522
522
522
523
522
524
525
522
522
523
526
522
522
525
522
522
522
522
527
528
529
529
529
529
529
529
529
529
530
529
529
529
529
529
529
529
529
529
529
531
531
531
531
531
531
531
531
531
531
532
532
531
531
531
531
531
531
531
531
533
533
533
533
533
533
533
533
533
533
533
533
533
533
533
533
533
533
533
534
534
535
536
534
537
538
534
537
539
540
536
537
537
534
537
541
537
536
534
537
538
537
537
542
543
544
544
544
545
544
544
544
544
544
546
544
546
546
546
547
544
547
547
547
548
548
549
548
548
549
548
548
548
550
548
551
552
548
553
553
548
554
555
553
556
549
557
557
558
558
558
558
558
558
558
558
558
558
558
558
558
558
558
558
558
558
559
560
560
560
560
560
560
560
560
560
560
560
560
560
560
561
560
560
560
562
562
563
563
563
564
563
563
565
566
566
563
566
567
563
563
563
563
563
563
563
563
568
568
568
568
568
568
568
568
568
568
568
568
568
568
568
568
568
569
569
570
570
571
572
570
571
570
573
570
574
575
570
570
576
568
577
570
570
570
578
570
578
579
579
580
580
580
580
580
580
580
580
580
580
580
580
581
580
580
580
580
580
582
583
583
583
583
583
583
583
583
583
583
583
583
583
583
583
583
583
583
583
584
585
584
586
584
585
584
585
587
584
585
585
588
588
585
588
585
588
584
589
585
584
585
590
591
592
593
593
593
593
593
594
595
593
595
593
595
593
595
594
596
597
593
598
594
595
593
595
599
595
600
600
600
600
600
600
600
600
600
601
600
600
600
600
600
600
600
602
600
603
603
603
603
603
603
603
604
603
603
604
603
603
603
603
603
603
603
605
606
607
607
607
607
607
607
607
607
607
607
607
607
607
607
607
607
607
607
608
609
609
609
609
609
609
609
609
609
609
609
609
609
609
609
609
609
610
609
611
611
611
611
611
611
611
611
611
611
611
611
611
611
611
611
611
612
611
613
614
614
614
613
614
613
614
613
614
614
614
614
614
613
614
614
614
613
614
613
613
613
615
616
615
615
616
615
615
616
615
616
615
616
615
616
615
616
616
615
615
616
615
615
616
615
616
615
616
615
616
615
615
616
615
616
616
617
617
617
617
617
617
617
617
617
617
617
617
617
617
617
617
617
617
617
618
618
618
618
618
618
618
618
618
618
618
618
618
618
618
618
618
618
618
619
619
619
619
619
619
619
619
619
619
620
619
621
619
619
621
619
619
621
622
623
623
624
624
624
625
624
625
625
625
624
625
625
625
624
624
624
624
624
624
625
624
626
627
628
625
629
630
631
632
633
632
630
633
629
634
630
633
631
635
629
632
633
629
633
636
442
631
637
638
636
442
636
638
630
442
631
639
630
631
632
442
640
631
641
641
641
641
641
641
641
641
641
641
642
641
641
641
641
641
641
641
641
643
643
644
644
644
644
644
645
645
644
644
644
644
644
644
644
644
644
644
644
644
646
646
646
646
646
646
646
646
647
648
649
650
651
650
646
646
652
646
653
654
655
656
656
656
656
656
656
656
656
656
656
656
657
656
658
656
656
659
656
656
656
656
660
660
660
660
660
660
660
660
660
660
660
660
660
660
660
660
660
661
661
660
662
662
662
662
662
662
662
662
662
662
662
662
662
662
662
662
662
662
662
662
663
662
664
664
664
664
664
664
664
665
664
664
666
664
666
664
664
664
664
664
664
665
667
668
669
670
668
668
668
668
668
671
672
673
672
674
673
668
675
676
677
320
668
678
679
668
680
681
682
668
668
683
684
685
685
685
685
685
685
685
685
685
685
685
685
685
685
685
685
685
685
685
686
686
687
688
686
689
686
686
686
686
686
686
686
686
686
686
686
686
686
686
686
690
690
690
690
690
690
690
690
690
546
691
691
546
690
546
690
547
690
628
692
547
693
694
694
694
694
694
694
694
694
694
695
696
697
694
694
698
697
694
654
699
700
700
700
700
700
700
700
700
700
700
700
700
700
700
700
700
700
700
701
702
702
702
702
702
702
702
702
702
702
702
702
702
702
702
702
702
702
702
272
272
272
272
272
272
272
272
272
272
272
272
272
272
272
272
272
703
703
704
704
704
704
704
704
704
704
704
704
704
704
704
704
704
704
704
704
704
705
705
705
705
705
705
705
705
705
705
705
705
705
705
705
706
705
705
705
705
707
707
707
708
709
707
707
708
707
710
710
710
707
707
709
709
707
711
712
708
707
707
713
714
714
714
714
714
714
714
714
714
714
714
714
714
714
714
714
714
714
714
715
715
715
715
715
715
715
715
715
715
715
715
715
715
715
715
715
715
715
715
716
716
716
716
716
716
716
716
716
717
716
718
716
719
716
716
716
720
716
716
721
588
721
722
722
722
722
722
722
722
722
722
722
722
722
722
722
722
722
722
722
722
536
536
536
536
536
536
536
536
536
536
536
536
536
536
536
536
536
723
536
536
724
724
724
724
724
724
724
724
724
724
725
724
724
724
726
724
726
724
724
727
727
727
727
727
727
727
727
727
727
727
727
727
727
727
727
727
727
727
728
728
728
728
728
728
728
728
729
728
730
728
728
728
730
728
728
730
730
731
731
731
731
731
731
731
731
731
731
731
731
731
731
731
731
731
731
731
732
732
732
732
732
732
733
732
732
732
732
732
732
732
732
732
732
732
733
732
251
251
251
251
251
251
251
251
251
251
251
251
251
251
251
251
305
251
734
734
735
736
735
735
735
735
735
735
735
735
735
735
737
738
739
735
735
735
735
735
735
740
740
740
740
740
740
740
740
740
740
740
740
740
740
740
740
740
740
740
740
741
741
741
741
741
741
741
121
741
742
743
744
741
742
741
120
741
741
745
741
741
746
746
747
746
746
746
746
748
746
746
746
749
746
746
746
750
746
746
751
746
752
753
754
754
754
754
754
754
754
754
754
755
755
754
754
754
755
754
754
755
754
755
756
756
756
757
756
758
756
758
756
758
756
757
756
758
759
756
756
758
760
756
758
761
756
756
756
756
758
756
759
762
762
762
762
762
762
762
762
762
762
762
762
192
762
763
762
764
765
766
767
762
768
768
768
768
768
768
768
768
768
768
768
768
768
768
768
768
768
768
768
634
634
634
634
634
634
634
634
634
634
634
634
634
634
634
634
634
634
634
634
769
769
769
769
769
769
769
769
769
769
769
769
769
769
769
769
769
770
771
772
769
772
770
773
773
773
773
773
773
773
774
773
773
774
773
773
773
773
773
773
773
773
773
775
775
776
775
776
775
775
775
775
775
775
775
775
775
775
775
775
775
777
775
778
778
778
778
778
778
778
778
778
778
778
778
778
778
778
778
778
778
778
779
779
779
779
779
779
779
780
779
779
779
779
779
779
779
779
779
779
41
779
779
781
781
781
781
781
781
781
781
781
781
781
781
781
781
781
781
781
781
781
782
783
784
782
783
782
783
109
109
782
109
782
784
785
107
782
784
786
109
785
785
782
784
787
788
789
782
783
107
784
788
788
507
507
507
507
507
507
504
507
790
507
791
507
507
792
507
507
646
793
794
795
796
797
797
798
799
797
797
797
800
798
801
802
802
803
804
797
805
797
797
806
807
808
809
810
811
811
811
153
812
811
811
811
811
813
814
811
811
814
811
815
811
811
814
816
817
811
811
811
153
811
811
811
818
819
811
820
821
822
822
822
811
818
823
824
825
445
442
442
445
445
445
445
445
448
445
448
445
451
445
448
826
826
445
445
445
445
453
448
453
827
827
827
827
827
827
827
827
827
828
827
827
827
827
827
827
827
828
828
828
829
829
829
829
829
829
829
829
829
829
829
829
829
829
829
829
830
829
829
831
830
830
832
832
833
832
833
832
833
833
834
832
833
832
832
832
832
832
832
832
832
832
832
832
30
784
30
30
30
30
30
28
30
28
30
835
30
28
836
837
838
30
30
789
28
839
840
