Full COGID
1
1
1
2
1
2
1
1
3
1
2
4
1
1
5
5
3
1
6
1
2
1
1
7
7
7
7
7
7
7
8
7
7
7
9
7
7
7
7
10
11
7
7
11
11
12
13
12
12
14
15
14
12
14
14
14
14
14
16
16
16
16
17
17
18
17
16
18
17
19
19
18
17
17
18
18
20
20
20
20
20
20
20
20
20
20
20
20
20
20
20
21
22
23
24
21
22
23
25
26
27
22
24
28
22
29
30
31
21
21
22
22
22
21
32
33
33
33
33
33
33
33
33
33
33
33
33
33
33
33
33
34
35
35
35
35
35
35
35
35
35
35
36
35
35
37
37
37
37
37
37
37
37
37
37
37
37
37
38
38
39
39
39
40
39
40
39
41
42
43
44
45
41
40
46
47
47
48
49
50
50
50
50
50
50
50
50
50
50
50
50
50
50
50
50
50
51
51
51
51
52
51
51
51
51
51
53
51
51
54
51
51
51
55
56
57
57
57
57
57
57
57
57
57
57
57
57
57
57
57
57
58
57
57
57
59
59
59
59
59
59
59
59
59
59
59
59
60
61
59
59
59
59
62
63
63
63
64
63
63
65
66
63
67
68
63
69
63
66
70
66
66
71
72
72
72
72
72
72
72
72
72
72
72
72
72
72
72
72
72
72
72
73
73
73
73
73
73
73
73
73
73
73
73
73
73
74
73
75
75
76
76
77
77
77
77
77
78
77
77
79
77
79
77
79
77
77
77
80
81
79
81
81
77
82
83
84
84
84
84
84
84
84
84
84
84
84
84
84
84
84
84
84
84
84
85
85
85
85
85
85
85
85
85
85
85
85
85
85
85
85
86
86
86
86
86
86
86
86
86
86
86
86
87
88
88
88
88
88
89
88
90
91
88
92
93
94
95
93
93
93
92
96
93
96
93
93
97
93
98
99
100
101
102
102
102
102
102
102
102
102
102
102
102
102
102
102
102
102
102
102
102
103
103
104
105
103
103
103
104
103
103
104
104
103
104
103
103
103
104
103
104
103
106
106
106
106
106
106
106
107
106
106
106
106
106
106
106
106
106
106
108
108
109
109
109
109
109
109
109
110
109
109
109
109
109
109
109
109
109
109
109
109
109
109
111
111
111
111
111
111
111
111
111
111
111
111
111
111
111
111
111
111
111
112
112
112
112
112
112
112
112
112
112
112
112
112
112
112
112
112
112
113
113
113
113
113
113
114
113
113
113
113
113
113
113
113
113
113
113
113
115
115
115
115
115
115
115
115
115
116
115
115
115
115
115
115
115
115
117
115
118
118
119
118
118
119
118
120
118
118
118
118
118
118
118
118
118
118
121
118
122
122
122
122
122
122
122
123
124
122
122
122
122
122
124
122
122
124
124
122
124
124
125
125
125
125
125
125
125
125
125
125
125
125
125
125
125
125
125
125
125
125
126
127
127
127
127
127
128
127
128
129
127
127
127
127
127
127
127
127
130
131
131
132
131
131
133
132
132
131
131
132
134
131
135
135
136
137
131
138
139
140
141
141
141
141
141
141
141
141
141
141
141
141
141
141
141
141
141
141
141
142
142
142
142
142
142
142
142
142
142
142
142
142
142
142
142
142
142
142
142
143
143
143
143
143
143
143
143
143
143
143
143
143
143
143
143
143
143
144
144
144
144
144
144
144
144
144
144
144
144
144
144
144
144
144
145
145
145
145
145
145
145
145
145
145
145
145
145
145
145
145
146
146
146
146
146
146
146
146
146
147
146
146
146
146
148
148
148
148
148
148
149
149
150
148
148
151
148
152
153
150
154
154
154
154
154
154
154
154
154
154
154
154
154
154
154
154
154
154
154
155
155
155
155
155
155
155
155
156
156
156
156
156
156
156
157
157
157
156
157
157
157
156
156
156
157
158
159
160
158
158
161
162
162
163
162
161
158
164
164
165
162
166
162
162
167
167
168
169
167
167
167
167
170
167
167
171
167
171
167
171
172
171
171
167
171
173
173
173
173
173
173
173
173
173
173
173
174
175
173
176
176
173
173
177
176
176
173
178
179
179
179
179
179
179
179
179
179
179
179
179
180
181
179
179
179
179
179
179
179
182
182
182
182
182
182
182
182
182
182
182
182
182
182
182
182
182
182
183
183
183
183
183
183
183
183
184
184
184
183
183
184
184
183
184
185
185
185
186
186
186
186
186
187
186
186
188
189
186
190
191
192
193
194
195
196
197
198
199
198
198
199
198
198
199
199
198
198
198
198
198
198
198
199
198
199
199
198
199
200
200
200
200
200
156
156
156
200
200
156
157
200
200
6
200
156
157
200
201
200
200
200
202
203
203
203
203
203
203
203
203
203
203
203
203
203
203
203
203
203
204
203
203
203
204
203
204
204
203
203
203
204
203
204
203
204
204
203
205
205
205
205
205
206
205
205
205
207
205
205
208
205
205
207
209
209
209
209
209
210
209
211
209
209
209
209
209
209
212
209
209
209
209
209
209
213
213
213
213
213
213
213
213
214
213
213
213
213
213
213
214
213
213
214
215
215
215
215
215
216
215
216
215
216
216
215
216
215
217
215
215
215
215
216
215
215
215
215
215
1
1
1
1
1
1
1
1
1
1
1
1
1
1
1
1
1
218
218
219
219
219
219
219
219
220
219
219
219
219
221
219
222
223
219
219
219
219
224
225
219
219
226
226
226
226
226
226
226
226
226
227
228
226
226
226
226
226
229
226
230
231
232
232
232
232
232
232
233
234
232
232
235
232
232
232
232
232
236
237
237
237
237
238
238
238
237
239
240
239
237
238
237
241
242
238
237
243
244
244
245
246
244
247
244
248
244
248
244
249
249
249
250
251
249
244
252
253
254
254
254
254
254
254
254
254
254
254
254
254
254
255
254
254
256
256
256
256
256
256
256
256
257
256
258
256
258
256
258
57
256
256
259
259
259
259
259
259
259
259
259
259
259
259
259
260
260
260
260
260
261
260
260
262
263
264
265
266
267
268
269
269
269
269
269
269
269
269
269
269
269
269
269
269
269
269
269
269
269
270
270
270
270
270
270
270
270
271
270
272
270
270
273
274
274
275
273
275
276
274
277
278
279
275
273
280
280
275
275
281
282
282
282
282
282
282
282
282
282
283
282
282
282
282
282
282
282
282
282
284
284
284
284
284
284
284
284
284
284
284
284
284
284
284
284
284
284
284
285
285
285
285
285
285
285
285
285
285
285
286
285
285
286
286
285
287
286
288
288
289
288
288
288
288
288
288
288
288
288
288
288
288
288
288
288
288
288
290
290
290
290
290
290
290
290
290
290
290
290
290
290
290
290
290
291
291
291
291
291
291
290
291
291
291
291
291
292
291
291
291
293
293
293
293
293
293
293
293
293
293
293
293
293
293
293
293
293
294
294
294
294
294
294
295
294
295
295
295
295
294
295
296
296
296
296
296
296
296
296
296
296
296
296
296
296
296
296
296
296
296
297
297
297
297
297
297
297
297
297
297
297
297
297
297
297
297
297
297
297
298
298
298
298
299
298
300
299
298
300
298
298
298
298
301
298
299
298
298
298
298
298
302
303
302
302
302
302
302
302
302
302
302
302
302
302
302
304
305
306
306
306
306
306
306
307
306
306
306
306
306
306
306
306
306
306
306
308
308
309
309
309
309
309
309
309
309
309
309
309
309
309
309
309
309
309
310
310
311
310
310
311
311
310
310
312
313
314
310
314
310
310
315
315
316
316
316
316
316
316
316
316
316
316
317
317
316
318
316
316
316
316
319
319
319
319
319
320
319
319
319
319
319
319
319
319
319
319
321
322
322
322
322
322
322
322
322
322
322
322
322
322
322
322
322
322
323
322
322
324
324
325
324
324
324
324
324
324
324
324
326
327
327
328
327
326
329
330
327
328
327
331
332
326
333
326
327
326
334
326
326
335
335
336
336
336
336
336
337
338
339
340
336
336
341
336
336
336
342
336
336
343
344
345
345
345
345
345
345
345
345
345
345
345
345
345
345
345
346
346
346
347
346
346
347
346
346
346
347
346
347
346
347
346
346
346
346
347
346
348
349
349
349
349
349
349
349
349
349
349
349
349
349
349
349
349
349
349
350
350
350
351
350
350
350
350
350
350
350
350
350
350
350
350
350
352
352
352
352
352
352
352
352
352
352
352
352
352
352
352
352
352
353
353
353
353
353
354
353
353
353
355
355
353
355
355
356
357
358
358
358
358
358
358
358
358
358
358
358
358
358
358
358
358
358
358
358
359
359
359
359
359
359
359
359
359
360
361
359
359
359
359
359
359
362
363
364
364
365
364
364
364
364
364
366
367
364
368
369
370
364
366
371
364
372
373
374
375
376
377
377
378
379
377
377
380
381
382
383
381
384
385
386
377
387
381
388
389
390
381
391
391
391
391
391
391
391
391
392
392
392
391
392
392
392
391
391
391
392
393
393
393
393
393
393
393
394
395
396
393
393
397
393
393
397
397
398
399
400
401
402
400
403
400
403
403
404
405
406
407
408
400
409
405
405
399
400
410
405
399
411
399
399
399
412
400
413
414
414
414
414
415
414
414
414
416
417
417
418
414
419
420
421
422
423
424
425
426
426
427
414
426
426
426
414
414
428
429
430
431
432
433
434
435
420
436
437
438
439
440
440
440
440
440
440
441
442
440
442
442
442
440
442
442
442
440
443
444
445
446
447
447
447
448
447
448
448
448
448
449
448
448
450
451
452
452
452
452
452
452
452
452
452
452
452
452
452
452
452
452
452
452
453
453
453
453
453
453
453
453
453
454
453
453
453
453
453
453
453
453
453
455
455
455
455
455
455
455
455
455
455
455
455
455
455
455
455
455
456
455
457
457
457
457
457
457
457
457
457
457
457
457
457
457
457
457
457
457
457
458
459
460
461
462
460
460
460
463
464
465
465
464
464
464
464
464
464
466
464
467
467
467
467
467
467
467
467
467
467
467
467
467
467
467
467
467
467
467
467
467
467
467
467
467
468
469
469
469
469
469
469
469
469
470
471
469
469
469
470
470
469
470
470
472
472
472
472
472
472
472
303
472
472
472
472
472
472
472
472
472
472
473
473
474
474
474
474
474
474
475
476
474
477
474
474
474
478
478
478
478
478
478
478
478
478
478
478
478
479
479
479
479
479
479
479
479
479
480
480
479
479
479
479
479
479
479
481
481
481
481
481
481
481
481
481
481
481
481
481
481
481
481
481
481
482
482
483
484
485
482
486
487
488
484
486
486
482
486
489
486
484
482
486
485
486
486
490
491
491
491
492
491
491
491
491
491
493
493
493
493
494
491
494
494
494
495
495
496
495
495
496
495
495
495
495
497
498
495
499
500
501
502
496
503
503
504
504
504
504
504
504
504
504
504
504
504
504
504
504
504
504
504
505
506
506
506
506
506
506
506
506
506
506
506
506
506
506
507
506
506
508
508
509
509
509
510
509
509
511
512
512
512
513
509
509
509
509
509
509
509
509
514
514
514
515
515
516
517
518
514
519
520
520
521
522
523
524
524
524
524
524
524
524
524
524
525
526
525
527
525
526
525
526
528
525
526
526
529
529
526
529
526
529
525
530
526
525
526
531
532
533
533
533
533
533
534
535
533
535
533
535
533
535
534
536
537
533
538
534
535
535
539
540
540
540
540
540
540
540
540
540
541
540
540
542
543
543
543
543
543
543
543
544
543
543
544
543
543
543
543
543
543
545
545
545
545
545
545
545
545
545
545
545
545
545
545
545
545
545
545
546
547
547
547
547
547
547
547
547
547
547
547
547
547
547
547
547
548
549
549
549
549
549
549
549
549
549
550
549
551
552
552
552
551
552
551
552
552
551
551
551
553
554
553
553
554
553
553
554
553
554
554
553
554
554
553
554
553
554
554
554
553
553
554
554
555
555
555
555
555
555
555
555
555
555
555
555
556
556
556
556
556
556
556
556
556
556
557
557
557
557
557
557
557
557
557
558
559
559
557
557
559
560
560
561
561
561
562
561
562
562
562
561
562
562
562
561
562
563
564
565
562
566
567
568
569
570
569
567
570
566
571
567
570
568
572
566
569
570
566
570
573
402
568
574
575
402
575
402
576
567
577
568
578
578
578
578
578
578
578
578
578
579
578
578
578
578
578
578
578
580
580
581
581
581
581
581
582
582
581
581
581
581
581
581
581
581
581
581
581
581
583
583
583
583
583
583
583
584
585
586
587
588
587
589
590
591
592
593
593
593
593
593
593
593
593
593
593
593
594
593
595
593
593
596
593
593
593
593
597
597
597
597
597
597
597
597
597
597
597
597
597
597
597
598
598
597
599
599
599
599
599
599
599
599
599
599
599
599
599
599
599
599
599
599
599
599
600
601
601
602
603
604
605
603
603
603
603
603
606
607
608
607
608
603
609
610
286
603
611
612
603
613
614
615
603
616
617
618
618
618
618
618
618
618
618
618
618
618
618
618
618
618
618
618
619
619
620
621
619
622
619
619
619
619
619
619
619
619
619
619
619
619
623
623
623
623
623
623
623
623
493
624
624
493
623
493
623
494
623
565
625
494
626
627
627
627
627
627
627
627
627
628
629
630
631
630
627
591
632
633
633
633
633
633
633
633
633
633
633
634
635
635
635
635
635
635
635
635
635
635
248
248
248
248
248
248
248
248
248
248
248
248
248
248
248
248
636
636
637
637
637
637
637
637
637
637
637
637
637
637
637
637
637
637
637
637
637
638
638
638
638
638
638
638
638
638
638
638
638
638
639
638
638
638
640
640
640
641
642
640
640
641
640
643
640
642
642
640
644
645
641
646
646
646
646
646
646
646
646
646
646
646
646
646
646
646
646
646
647
647
647
647
647
647
647
647
647
647
647
647
647
647
647
647
647
647
647
648
648
648
648
648
648
648
648
648
649
648
650
648
651
648
648
648
652
648
648
653
653
654
654
654
654
654
654
654
654
654
654
654
654
654
654
654
654
654
654
654
484
484
484
484
484
484
484
484
484
484
484
484
484
484
484
484
484
484
655
655
655
655
655
655
655
655
655
656
655
655
655
657
655
657
655
655
658
658
658
658
658
658
658
658
658
658
658
658
659
659
659
659
659
659
659
660
659
661
659
659
659
661
659
659
661
661
662
662
662
662
662
662
662
662
662
662
662
662
662
662
662
662
662
663
663
663
663
663
663
663
663
663
663
663
663
664
229
229
229
229
229
229
229
229
229
229
229
229
229
229
229
275
229
665
665
666
667
666
666
666
666
666
666
666
666
666
668
669
666
666
666
666
670
670
670
670
670
670
670
670
670
670
670
670
670
670
670
670
670
670
670
670
671
671
671
671
671
671
671
107
671
672
673
671
672
671
106
671
671
674
675
675
676
675
675
675
677
675
675
675
678
675
675
675
679
675
675
680
681
682
683
683
683
683
683
683
683
683
683
684
684
683
683
683
684
683
683
684
683
684
685
685
685
686
685
687
685
687
685
687
685
686
685
687
685
685
687
688
685
687
689
685
685
690
691
692
693
694
695
696
697
697
697
697
697
697
697
697
697
697
697
697
697
697
697
697
697
697
571
571
571
571
571
571
571
571
571
571
571
571
571
571
571
571
571
698
698
698
698
698
698
698
698
698
698
698
698
698
698
699
700
701
699
702
702
702
702
702
702
702
703
702
702
703
702
702
702
702
702
702
702
702
702
704
704
705
704
705
704
704
704
704
704
704
704
704
704
704
704
704
704
706
707
707
707
707
707
707
707
707
707
707
707
707
707
707
707
707
707
708
708
708
708
708
708
708
709
708
708
708
708
708
708
708
708
708
34
708
710
710
710
710
710
710
710
710
710
710
710
710
710
710
710
711
712
713
711
712
711
95
95
711
95
711
713
714
93
711
713
715
95
714
714
711
713
716
717
718
711
712
93
713
462
462
462
462
462
462
719
462
720
462
462
462
721
462
583
722
723
724
724
725
726
724
724
724
727
725
728
729
729
730
731
724
732
724
724
733
734
735
736
737
738
738
738
138
739
738
738
738
738
740
741
738
738
741
738
742
738
738
743
744
738
738
738
138
738
738
738
745
746
738
747
748
749
749
749
738
750
751
405
402
402
405
405
405
405
405
408
405
408
405
411
408
752
405
405
405
413
408
413
753
753
753
753
753
753
753
753
753
754
753
753
753
753
753
753
753
754
754
754
755
755
755
755
755
755
755
755
755
755
755
755
755
755
755
755
755
755
756
756
757
757
758
757
758
758
758
759
757
758
757
757
757
757
757
760
713
760
760
760
760
28
760
28
761
762
760
760
718
28
763
764
